 0.000000    0.00000    0.000
 0.000000    0.00000    0.000
 0.000000    0.00000    0.000
 0.000000    0.00000    0.000
 0.000000    0.00000    0.000
 0.000000    0.00000    0.000
 0.000000    0.00000    0.000
 0.000000    0.00000    0.000
 0.000000    0.00000    0.000
 0.000000    0.00000    0.000
 0.000000    0.00000    0.000
 0.000000    0.00000    0.000
 0.000000    0.00000    0.000
 0.000000    0.00000    0.000
 0.000000    0.00000    0.000
 0.000000    0.00000    0.000
 0.000000    0.00000    0.000
 0.000000    0.00000    0.000
 0.000000    0.00000    0.000
 0.000000    0.00000    0.000
 0.000000    0.00000    0.000
 0.000000    0.00000    0.000
 0.000000    0.00000    0.000
 0.000000    0.00000    0.000
 0.000000    0.00000    0.000
 0.000000    0.00000    0.000
 0.000000    0.00000    0.000
 0.000000    0.00000    0.000
 0.000000    0.00000    0.000
 0.000000    0.00000    0.000
 0.000000    0.00000    0.000
 0.000000    0.00000    0.000
 0.000000    0.00000    0.000
 0.000000    0.00000    0.000
 0.000000    0.00000    0.000
 0.000000    0.00000    0.000
 0.000000    0.00000    0.000
 0.000000    0.00000    0.000
 0.000000    0.00000    0.000
 0.000000    0.00000    0.000
 0.000000    0.00000    0.000
 0.000000    0.00000    0.000
 0.000000    0.00000    0.000
 0.000000    0.00000    0.000
 0.000000    0.00000    0.000
 0.000000    0.00000    0.000
 0.000000    0.00000    0.000
 0.000000    0.00000    0.000
 0.000000    0.00000    0.000
 0.000000    0.00000    0.000
 0.000000    0.00000    0.000
 0.000000    0.00000    0.000
 0.000000    0.00000    0.000
 0.000000    0.00000    0.000
 0.000000    0.00000    0.000
 0.000000    0.00000    0.000
 0.000000    0.00000    0.000
 0.000000    0.00000    0.000
 0.000000    0.00000    0.000
 0.000000    0.00000    0.000
 0.000000    0.00000    0.000
 0.000000    0.00000    0.000
 0.000000    0.00000    0.000
 0.000000    0.00000    0.000
 0.000000    0.00000    0.000
 0.000000    0.00000    0.000
 0.000000    0.00000    0.000
 0.000000    0.00000    0.000
 0.000000    0.00000    0.000
 0.000000    0.00000    0.000
 0.000000    0.00000    0.000
 0.000000    0.00000    0.000
 0.000000    0.00000    0.000
 0.000000    0.00000    0.000
 0.000000    0.00000    0.000
 0.000000    0.00000    0.000
 0.000000    0.00000    0.000
 0.000000    0.00000    0.000
 0.000000    0.00000    0.000
 0.000000    0.00000    0.000
 0.000000    0.00000    0.000
 0.000000    0.00000    0.000
 0.000000    0.00000    0.000
 0.000000    0.00000    0.000
 0.000000    0.00000    0.000
 0.000000    0.00000    0.000
 0.000000    0.00000    0.000
 0.000000    0.00000    0.000
 0.000000    0.00000    0.000
 0.000000    0.00000    0.000
 0.000000    0.00000    0.000
 0.000000    0.00000    0.000
 0.000000    0.00000    0.000
 0.000000    0.00000    0.000
 0.000000    0.00000    0.000
 0.000000    0.00000    0.000
 0.000000    0.00000    0.000
 0.000000    0.00000    0.000
 0.000000    0.00000    0.000
 0.000000    0.00000    0.000
 0.000000    0.00000    0.000
 0.000000    0.00000    0.000
 0.000000    0.00000    0.000
 0.000000    0.00000    0.000
 0.000000    0.00000    0.000
 0.000000    0.00000    0.000
 0.000000    0.00000    0.000
 0.000000    0.00000    0.000
 0.000000    0.00000    0.000
 0.000000    0.00000    0.000
 0.000000    0.00000    0.000
 0.000000    0.00000    0.000
 0.000000    0.00000    0.000
 0.000000    0.00000    0.000
 0.000000    0.00000    0.000
 0.000000    0.00000    0.000
 0.000000    0.00000    0.000
 0.000000    0.00000    0.000
 0.000000    0.00000    0.000
 0.000000    0.00000    0.000
 0.000000    0.00000    0.000
 0.000000    0.00000    0.000
 0.000000    0.00000    0.000
 0.000000    0.00000    0.000
 0.000000    0.00000    0.000
 0.000000    0.00000    0.000
 0.000000    0.00000    0.000
 0.000000    0.00000    0.000
 0.000000    0.00000    0.000
 0.000000    0.00000    0.000
 0.000000    0.00000    0.000
 0.000000    0.00000    0.000
 0.000000    0.00000    0.000
 0.000000    0.00000    0.000
 0.000000    0.00000    0.000
 0.000000    0.00000    0.000
 0.000000    0.00000    0.000
 0.000000    0.00000    0.000
 0.000000    0.00000    0.000
 0.000000    0.00000    0.000
 0.000000    0.00000    0.000
 0.000000    0.00000    0.000
 0.000193    0.01723   -5.363
 0.000469    0.03566   -4.403
 0.000405    0.02305   -3.073
 0.000345    0.01466   -2.178
 0.000299    0.01267   -2.171
 0.000210    0.00863   -2.093
 0.000225    0.00958   -2.185
 0.000179    0.00757   -2.207
 0.000332    0.01840   -2.960
 0.000455    0.02815   -3.361
 0.000381    0.01756   -2.380
 0.000235    0.00957   -2.080
 0.000158    0.00592   -1.897
 0.000098    0.00421   -2.254
 0.000292    0.01522   -2.773
 0.000395    0.01828   -2.397
 0.000335    0.01527   -2.354
 0.000369    0.01784   -2.515
 0.000367    0.01643   -2.309
 0.000298    0.01253   -2.149
 0.000253    0.01124   -2.307
 0.000295    0.01346   -2.360
 0.000339    0.01482   -2.248
 0.000253    0.01019   -2.050
 0.000241    0.00925   -1.948
 0.000179    0.00733   -2.105
 0.000237    0.01089   -2.396
 0.000398    0.01835   -2.385
 0.000354    0.01671   -2.446
 0.000374    0.01802   -2.505
 0.000379    0.01830   -2.513
 0.000379    0.01786   -2.447
 0.000356    0.01597   -2.313
 0.000293    0.01265   -2.216
 0.000291    0.01209   -2.126
 0.000246    0.01029   -2.141
 0.000236    0.01013   -2.214
 0.000326    0.01351   -2.120
 0.000337    0.01463   -2.224
 0.000358    0.01630   -2.354
 0.000355    0.01651   -2.408
 0.000367    0.01744   -2.466
 0.000371    0.01726   -2.410
 0.000360    0.01627   -2.331
 0.000330    0.01434   -2.231
 0.000291    0.01211   -2.129
 0.000235    0.00935   -2.025
 0.000260    0.01009   -1.969
 0.000202    0.00767   -1.919
 0.000173    0.00649   -1.898
 0.000157    0.00584   -1.879
 0.000207    0.00760   -1.856
 0.000162    0.00589   -1.838
 0.000125    0.00454   -1.824
 0.000182    0.00836   -2.388
 0.000181    0.00922   -2.684
 0.000111    0.00558   -2.628
 0.000060    0.00242   -2.044
 0.000116    0.00423   -1.848
 0.000149    0.00545   -1.850
 0.000134    0.00489   -1.841
 0.000181    0.00655   -1.822
 0.000141    0.00505   -1.806
 0.000103    0.00393   -1.927
 0.000046    0.00162   -1.778
 0.000017    0.00063   -1.887
 0.000052    0.00284   -2.861
 0.000117    0.00556   -2.480
 0.000370    0.01573   -2.185
 0.000465    0.02109   -2.344
 0.000361    0.01767   -2.553
 0.000378    0.01927   -2.675
 0.000388    0.01992   -2.699
 0.000394    0.01997   -2.662
 0.000397    0.01987   -2.621
 0.000371    0.01793   -2.524
 0.000340    0.01549   -2.356
 0.000294    0.01306   -2.297
 0.000275    0.01182   -2.209
 0.000289    0.01217   -2.159
 0.000342    0.01496   -2.249
 0.000316    0.01401   -2.277
 0.000336    0.01479   -2.265
 0.000331    0.01476   -2.296
 0.000323    0.01452   -2.315
 0.000345    0.01562   -2.335
 0.000345    0.01584   -2.371
 0.000340    0.01581   -2.407
 0.000356    0.01663   -2.423
 0.000358    0.01681   -2.431
 0.000357    0.01671   -2.427
 0.000349    0.01622   -2.407
 0.000323    0.01476   -2.365
 0.000332    0.01496   -2.331
 0.000304    0.01355   -2.302
 0.000310    0.01372   -2.283
 0.000289    0.01257   -2.233
 0.000314    0.01361   -2.222
 0.000308    0.01368   -2.283
 0.000322    0.01442   -2.307
 0.000328    0.01475   -2.318
 0.000302    0.01339   -2.286
 0.000321    0.01495   -2.427
 0.000264    0.01284   -2.571
 0.000255    0.01170   -2.413
 0.000242    0.00987   -2.082
 0.000259    0.01081   -2.129
 0.000301    0.01290   -2.197
 0.000283    0.01239   -2.248
 0.000305    0.01350   -2.274
 0.000283    0.01236   -2.246
 0.000292    0.01262   -2.212
 0.000257    0.01090   -2.170
 0.000246    0.01069   -2.245
 0.000258    0.01149   -2.320
 0.000211    0.00900   -2.205
 0.000214    0.00875   -2.082
 0.000255    0.01062   -2.129
 0.000252    0.01066   -2.161
 0.000248    0.01062   -2.197
 0.000278    0.01194   -2.205
 0.000249    0.01060   -2.184
 0.000250    0.01060   -2.174
 0.000249    0.01059   -2.182
 0.000215    0.00965   -2.336
 0.000203    0.00957   -2.473
 0.000206    0.00983   -2.506
 0.000184    0.00885   -2.528
 0.000140    0.00662   -2.481
 0.000122    0.00573   -2.461
 0.000120    0.00610   -2.694
 0.000098    0.00495   -2.679
 0.000073    0.00316   -2.232
 0.000070    0.00267   -1.919
 0.000082    0.00309   -1.909
 0.000096    0.00366   -1.920
 0.000154    0.00586   -1.923
 0.000146    0.00556   -1.922
 0.000130    0.00494   -1.923
 0.000118    0.00449   -1.926
 0.000109    0.00418   -1.948
 0.000103    0.00393   -1.933
 0.000101    0.00387   -1.938
 0.000099    0.00382   -1.945
 0.000100    0.00385   -1.954
 0.000102    0.00397   -1.964
 0.000108    0.00418   -1.971
 0.000113    0.00439   -1.977
 0.000116    0.00454   -1.981
 0.000153    0.00594   -1.975
 0.000132    0.00514   -1.970
 0.000114    0.00442   -1.971
 0.000102    0.00397   -1.976
 0.000094    0.00366   -1.984
 0.000093    0.00365   -1.993
 0.000093    0.00367   -2.004
 0.000096    0.00382   -2.021
 0.000105    0.00423   -2.041
 0.000118    0.00478   -2.061
 0.000137    0.00559   -2.079
 0.000160    0.00655   -2.086
 0.000130    0.00534   -2.100
 0.000121    0.00502   -2.112
 0.000126    0.00522   -2.115
 0.000135    0.00560   -2.114
 0.000160    0.00661   -2.103
 0.000153    0.00625   -2.082
 0.000118    0.00477   -2.064
 0.000111    0.00447   -2.050
 0.000108    0.00432   -2.040
 0.000108    0.00433   -2.034
 0.000111    0.00442   -2.031
 0.000113    0.00451   -2.030
 0.000143    0.00571   -2.034
 0.000120    0.00478   -2.025
 0.000099    0.00393   -2.018
 0.000086    0.00342   -2.017
 0.000078    0.00309   -2.022
 0.000080    0.00319   -2.035
 0.000086    0.00346   -2.047
 0.000092    0.00370   -2.058
 0.000098    0.00399   -2.066
 0.000105    0.00426   -2.071
 0.000120    0.00487   -2.076
 0.000131    0.00533   -2.073
 0.000100    0.00403   -2.053
 0.000082    0.00328   -2.039
 0.000070    0.00280   -2.031
 0.000068    0.00272   -2.031
 0.000072    0.00289   -2.030
 0.000073    0.00290   -2.029
 0.000074    0.00297   -2.030
 0.000077    0.00311   -2.068
 0.000077    0.00309   -2.048
 0.000079    0.00317   -2.051
 0.000081    0.00328   -2.068
 0.000110    0.00451   -2.097
 0.000098    0.00406   -2.103
 0.000081    0.00335   -2.101
 0.000072    0.00297   -2.106
 0.000066    0.00276   -2.120
 0.000066    0.00278   -2.135
 0.000083    0.00349   -2.151
 0.000098    0.00417   -2.171
 0.000118    0.00505   -2.196
 0.000155    0.00664   -2.203
 0.000120    0.00512   -2.177
 0.000104    0.00439   -2.168
 0.000119    0.00509   -2.187
 0.000144    0.00622   -2.216
 0.000175    0.00755   -2.218
 0.000126    0.00535   -2.178
 0.000114    0.00484   -2.175
 0.000131    0.00565   -2.201
 0.000160    0.00698   -2.240
 0.000162    0.00700   -2.221
 0.000115    0.00487   -2.174
 0.000114    0.00485   -2.184
 0.000133    0.00575   -2.211
 0.000166    0.00726   -2.246
 0.000141    0.00610   -2.218
 0.000100    0.00423   -2.171
 0.000084    0.00356   -2.160
 0.000093    0.00395   -2.168
 0.000102    0.00435   -2.179
 0.000111    0.00473   -2.193
 0.000132    0.00567   -2.213
 0.000108    0.00460   -2.184
 0.000079    0.00332   -2.141
 0.000064    0.00266   -2.121
 0.000054    0.00223   -2.112
 0.000047    0.00195   -2.120
 0.000054    0.00225   -2.151
 0.000056    0.00237   -2.185
 0.000057    0.00244   -2.187
 0.000062    0.00260   -2.159
 0.000071    0.00297   -2.132
 0.000086    0.00360   -2.150
 0.000120    0.00512   -2.180
 0.000090    0.00377   -2.151
 0.000070    0.00292   -2.136
 0.000057    0.00239   -2.134
 0.000060    0.00248   -2.131
 0.000064    0.00268   -2.128
 0.000066    0.00274   -2.128
 0.000064    0.00264   -2.126
 0.000058    0.00240   -2.119
 0.000050    0.00206   -2.107
 0.000041    0.00168   -2.090
 0.000032    0.00128   -2.067
 0.000028    0.00129   -2.379
 0.000031    0.00178   -3.040
 0.000042    0.00273   -3.476
 0.000056    0.00356   -3.465
 0.000068    0.00441   -3.485
 0.000056    0.00358   -3.438
 0.000058    0.00371   -3.430
 0.000085    0.00580   -3.722
 0.000074    0.00517   -3.837
 0.000043    0.00297   -3.779
 0.000025    0.00169   -3.753
 0.000019    0.00137   -3.901
 0.000070    0.00459   -3.589
 0.000025    0.00175   -3.846
 0.000013    0.00096   -4.218
 0.000013    0.00102   -4.506
 0.000011    0.00098   -4.912
 0.000005    0.00041   -5.182
 0.000001    0.00007   -4.128
 0.000000    0.00001   -3.752
 0.000000    0.00000    0.000
 0.000000    0.00000    0.000
 0.000000    0.00000    0.000
 0.000000    0.00000    0.000
 0.000000    0.00000    0.000
 0.000000    0.00000    0.000
 0.000000    0.00000    0.000
 0.000000    0.00000    0.000
 0.000000    0.00000    0.000
 0.000000    0.00000    0.000
 0.000000    0.00000    0.000
 0.000000    0.00000    0.000
 0.000000    0.00000    0.000
 0.000000    0.00000    0.000
 0.000000    0.00000    0.000
 0.000000    0.00000    0.000
 0.000000    0.00000    0.000
 0.000000    0.00003   -4.657
 0.000004    0.00032   -4.950
 0.000005    0.00045   -5.243
 0.000003    0.00024   -5.465
 0.000091    0.00591   -3.554
 0.000013    0.00096   -4.230
 0.000001    0.00008   -5.901
 0.000000    0.00000    0.000
 0.000000    0.00000    0.000
 0.000000    0.00000    0.000
 0.000000    0.00000    0.000
 0.000000    0.00000    0.000
 0.000000    0.00000    0.000
 0.000000    0.00000    0.000
 0.000000    0.00000    0.000
 0.000000    0.00000    0.000
 0.000000    0.00000    0.000
 0.000000    0.00001   -4.476
 0.000002    0.00013   -4.593
 0.000004    0.00034   -4.757
 0.000004    0.00036   -4.858
 0.000000    0.00004   -4.790
 0.000000    0.00000   -4.581
 0.000001    0.00009   -4.666
 0.000000    0.00001   -4.588
 0.000072    0.00377   -2.747
 0.000025    0.00155   -3.360
 0.000022    0.00160   -4.015
 0.000035    0.00273   -4.336
 0.000040    0.00329   -4.705
 0.000041    0.00352   -4.998
 0.000049    0.00452   -5.358
 0.000015    0.00153   -5.994
 0.000001    0.00013   -6.466
 0.000000    0.00000    0.000
 0.000000    0.00000    0.000
 0.000000    0.00000    0.000
 0.000000    0.00000    0.000
 0.000000    0.00000    0.000
 0.000000    0.00000    0.000
 0.000000    0.00000    0.000
 0.000000    0.00000    0.000
 0.000000    0.00000    0.000
 0.000000    0.00000    0.000
 0.000000    0.00000    0.000
 0.000000    0.00000    0.000
 0.000000    0.00000    0.000
 0.000000    0.00000    0.000
 0.000000    0.00000    0.000
 0.000000    0.00000    0.000
 0.000000    0.00000    0.000
 0.000000    0.00000    0.000
 0.000000    0.00000    0.000
 0.000000    0.00000    0.000
 0.000000    0.00000    0.000
 0.000000    0.00000    0.000
 0.000000    0.00000    0.000
 0.000000    0.00000    0.000
 0.000000    0.00000    0.000
 0.000000    0.00000    0.000
 0.000000    0.00000    0.000
 0.000000    0.00000    0.000
 0.000000    0.00000    0.000
 0.000000    0.00000    0.000
 0.000000    0.00000    0.000
 0.000000    0.00000    0.000
 0.000000    0.00000    0.000
 0.000000    0.00000    0.000
 0.000000    0.00000    0.000
 0.000000    0.00000    0.000
 0.000000    0.00000    0.000
 0.000000    0.00000    0.000
 0.000000    0.00000    0.000
 0.000000    0.00000    0.000
 0.000000    0.00000    0.000
 0.000000    0.00000    0.000
 0.000000    0.00000    0.000
 0.000000    0.00000    0.000
 0.000000    0.00000    0.000
 0.000000    0.00000    0.000
 0.000000    0.00000    0.000
 0.000000    0.00000    0.000
 0.000000    0.00000    0.000
 0.000000    0.00000    0.000
 0.000000    0.00000    0.000
 0.000000    0.00000    0.000
 0.000000    0.00000    0.000
 0.000000    0.00000    0.000
 0.000000    0.00000    0.000
 0.000000    0.00000    0.000
 0.000000    0.00000    0.000
 0.000000    0.00000    0.000
 0.000000    0.00000    0.000
 0.000000    0.00000    0.000
 0.000000    0.00000    0.000
 0.000000    0.00000    0.000
 0.000000    0.00000    0.000
 0.000000    0.00000    0.000
 0.000000    0.00000    0.000
 0.000000    0.00000    0.000
 0.000000    0.00000    0.000
 0.000000    0.00000    0.000
 0.000000    0.00000    0.000
 0.000000    0.00000    0.000
 0.000000    0.00000    0.000
 0.000000    0.00000    0.000
 0.000000    0.00000    0.000
 0.000000    0.00000    0.000
 0.000000    0.00000   -1.969
 0.000005    0.00021   -1.973
 0.000013    0.00050   -1.976
 0.000018    0.00068   -1.976
 0.000020    0.00078   -1.975
 0.000021    0.00083   -1.973
 0.000022    0.00084   -1.970
 0.000021    0.00081   -1.968
 0.000020    0.00077   -1.965
 0.000018    0.00071   -1.962
 0.000017    0.00064   -1.960
 0.000015    0.00056   -1.957
 0.000012    0.00048   -1.955
 0.000010    0.00039   -1.953
 0.000008    0.00029   -1.951
 0.000005    0.00018   -1.948
 0.000002    0.00006   -1.946
 0.000000    0.00000   -1.944
 0.000000    0.00000    0.000
 0.000000    0.00000    0.000
 0.000000    0.00000    0.000
 0.000000    0.00000    0.000
 0.000000    0.00000    0.000
 0.000000    0.00000    0.000
 0.000000    0.00000    0.000
 0.000000    0.00000    0.000
 0.000000    0.00000    0.000
 0.000000    0.00000    0.000
 0.000000    0.00000    0.000
 0.000000    0.00000    0.000
 0.000000    0.00000    0.000
 0.000000    0.00000    0.000
 0.000000    0.00000    0.000
 0.000000    0.00000    0.000
 0.000000    0.00000    0.000
 0.000000    0.00000    0.000
 0.000000    0.00000    0.000
 0.000000    0.00000    0.000
 0.000000    0.00000    0.000
 0.000000    0.00000    0.000
 0.000000    0.00000    0.000
 0.000000    0.00000    0.000
 0.000000    0.00000    0.000
 0.000000    0.00000    0.000
 0.000000    0.00000    0.000
 0.000000    0.00000    0.000
 0.000000    0.00000    0.000
 0.000000    0.00000    0.000
 0.000000    0.00000    0.000
 0.000000    0.00000    0.000
 0.000000    0.00000    0.000
 0.000000    0.00000    0.000
 0.000000    0.00000    0.000
 0.000000    0.00000    0.000
 0.000000    0.00000    0.000
 0.000000    0.00000    0.000
 0.000000    0.00000    0.000
 0.000000    0.00000    0.000
 0.000000    0.00000    0.000
 0.000000    0.00000    0.000
 0.000000    0.00000    0.000
 0.000000    0.00000    0.000
 0.000000    0.00000    0.000
 0.000000    0.00000    0.000
 0.000000    0.00000    0.000
 0.000000    0.00000    0.000
 0.000000    0.00000    0.000
 0.000000    0.00000    0.000
 0.000000    0.00000    0.000
 0.000000    0.00000    0.000
 0.000000    0.00000    0.000
 0.000000    0.00000    0.000
 0.000000    0.00001   -3.891
 0.000003    0.00019   -3.945
 0.000007    0.00054   -3.988
 0.000005    0.00036   -3.899
 0.000001    0.00005   -3.800
 0.000000    0.00000    0.000
 0.000033    0.00197   -3.214
 0.000013    0.00081   -3.421
 0.000001    0.00005   -3.328
 0.000000    0.00000    0.000
 0.000000    0.00000    0.000
 0.000000    0.00000   -2.922
 0.000004    0.00023   -2.972
 0.000006    0.00031   -3.000
 0.000003    0.00018   -3.002
 0.000001    0.00003   -2.965
 0.000005    0.00027   -2.996
 0.000008    0.00046   -3.024
 0.000046    0.00253   -2.908
 0.000125    0.00695   -2.940
 0.000055    0.00314   -3.018
 0.000054    0.00315   -3.070
 0.000095    0.00546   -3.040
 0.000033    0.00191   -3.069
 0.000014    0.00083   -3.073
 0.000005    0.00032   -3.055
 0.000004    0.00023   -3.104
 0.000052    0.00294   -3.007
 0.000054    0.00311   -3.060
 0.000020    0.00118   -3.130
 0.000010    0.00058   -3.202
 0.000001    0.00007   -3.168
 0.000000    0.00000    0.000
 0.000000    0.00000    0.000
 0.000000    0.00000    0.000
 0.000012    0.00061   -2.737
 0.000004    0.00020   -2.675
 0.000005    0.00026   -2.683
 0.000003    0.00013   -2.780
 0.000002    0.00008   -2.884
 0.000002    0.00011   -2.993
 0.000001    0.00005   -3.051
 0.000001    0.00005   -3.139
 0.000000    0.00002   -3.205
 0.000001    0.00004   -3.278
 0.000000    0.00000    0.000
 0.000000    0.00000    0.000
 0.000000    0.00000    0.000
 0.000000    0.00000    0.000
 0.000000    0.00000    0.000
 0.000000    0.00000    0.000
 0.000015    0.00081   -2.779
 0.000001    0.00005   -2.702
 0.000000    0.00000    0.000
 0.000000    0.00000    0.000
 0.000000    0.00000    0.000
 0.000000    0.00000    0.000
 0.000000    0.00000    0.000
 0.000000    0.00000    0.000
 0.000000    0.00000    0.000
 0.000000    0.00000    0.000
 0.000000    0.00000    0.000
 0.000000    0.00000    0.000
 0.000000    0.00000    0.000
 0.000000    0.00000    0.000
 0.000000    0.00000   -0.690
 0.000000    0.00000    0.000
 0.000000    0.00000    0.000
 0.000000    0.00000    0.000
 0.000000    0.00000    0.000
 0.000000    0.00000    0.000
 0.000000    0.00000    0.000
 0.000000    0.00000    0.000
 0.000000    0.00000    0.000
 0.000000    0.00000    0.000
 0.000000    0.00000    0.000
 0.000000    0.00000    0.000
 0.000022    0.00036   -0.801
 0.000008    0.00017   -1.016
 0.000001    0.00004   -1.490
 0.000002    0.00006   -1.460
 0.000002    0.00007   -1.453
 0.000011    0.00031   -1.413
 0.000010    0.00028   -1.403
 0.000014    0.00039   -1.383
 0.000021    0.00058   -1.360
 0.000004    0.00010   -1.354
 0.000001    0.00002   -1.129
 0.000000    0.00000    0.000
 0.000000    0.00000    0.000
 0.000000    0.00000    0.000
 0.000016    0.00040   -1.263
 0.000012    0.00030   -1.257
 0.000027    0.00069   -1.245
 0.000012    0.00030   -1.235
 0.000006    0.00014   -1.226
 0.000000    0.00000    0.000
 0.000000    0.00000    0.000
 0.000001    0.00002   -1.187
 0.000009    0.00022   -1.165
 0.000028    0.00065   -1.163
 0.000020    0.00048   -1.156
 0.000006    0.00014   -1.141
 0.000003    0.00008   -1.138
 0.000000    0.00000    0.000
 0.000000    0.00000    0.000
 0.000000    0.00000    0.000
 0.000000    0.00000    0.000
 0.000000    0.00000    0.000
 0.000000    0.00000    0.000
 0.000000    0.00000    0.000
 0.000000    0.00000    0.000
 0.000000    0.00000    0.000
 0.000000    0.00000    0.000
 0.000020    0.00040   -0.967
 0.000000    0.00001   -0.952
 0.000011    0.00020   -0.918
 0.000013    0.00024   -0.904
 0.000015    0.00027   -0.880
 0.000013    0.00024   -0.863
 0.000011    0.00018   -0.814
 0.000011    0.00016   -0.736
 0.000016    0.00024   -0.741
 0.000005    0.00008   -0.750
 0.000018    0.00028   -0.745
 0.000010    0.00015   -0.741
 0.000000    0.00000    0.000
 0.000000    0.00000    0.000
 0.000000    0.00000    0.000
 0.000000    0.00000    0.000
 0.000000    0.00000    0.000
 0.000000    0.00000    0.000
 0.000000    0.00000    0.000
 0.000000    0.00000    0.000
 0.000000    0.00000    0.000
 0.000000    0.00000    0.000
 0.000000    0.00000    0.000
 0.000000    0.00000    0.000
 0.000000    0.00000    0.000
 0.000000    0.00000    0.000
 0.000000    0.00000    0.000
 0.000000    0.00000    0.000
 0.000000    0.00000    0.000
 0.000000    0.00000    0.000
 0.000000    0.00000    0.000
 0.000000    0.00000    0.000
 0.000000    0.00000    0.000
 0.000000    0.00000    0.000
 0.000000    0.00000    0.000
 0.000000    0.00000    0.000
 0.000000    0.00000    0.000
 0.000000    0.00000    0.000
 0.000000    0.00000    0.000
 0.000000    0.00000    0.000
 0.000000    0.00000    0.000
 0.000000    0.00000    0.000
 0.000000    0.00000    0.000
 0.000000    0.00000    0.000
 0.000000    0.00000    0.000
 0.000000    0.00000    0.000
 0.000000    0.00000    0.000
 0.000000    0.00000    0.000
 0.000000    0.00000    0.000
 0.000000    0.00000    0.000
 0.000000    0.00000    0.000
 0.000000    0.00000    0.000
 0.000000    0.00000    0.000
 0.000000    0.00000    0.000
 0.000000    0.00000    0.000
 0.000000    0.00000    0.000
 0.000000    0.00000    0.000
 0.000000    0.00000    0.000
 0.000000    0.00000    0.000
 0.000000    0.00000    0.000
 0.000000    0.00000    0.000
 0.000000    0.00000    0.000
 0.000000    0.00000    0.000
 0.000000    0.00000    0.000
 0.000000    0.00000    0.000
 0.000000    0.00000    0.000
 0.000000    0.00000    0.000
 0.000000    0.00000    0.000
 0.000000    0.00000    0.000
 0.000000    0.00000    0.000
 0.000000    0.00000    0.000
 0.000000    0.00000    0.000
 0.000000    0.00000    0.000
 0.000000    0.00000    0.000
 0.000000    0.00000    0.000
 0.000000    0.00000    0.000
 0.000000    0.00000    0.000
 0.000000    0.00000    0.000
 0.000000    0.00000    0.000
 0.000000    0.00000    0.000
 0.000000    0.00000    0.000
 0.000000    0.00000    0.000
 0.000000    0.00000    0.000
 0.000000    0.00000    0.000
 0.000000    0.00000    0.000
 0.000000    0.00000    0.000
 0.000000    0.00000    0.000
 0.000000    0.00000    0.000
 0.000000    0.00000    0.000
 0.000000    0.00000    0.000
 0.000000    0.00000    0.000
 0.000000    0.00000    0.000
 0.000000    0.00000    0.000
 0.000000    0.00000    0.000
 0.000000    0.00000    0.000
 0.000000    0.00000    0.000
 0.000000    0.00000    0.000
 0.000000    0.00000    0.000
 0.000000    0.00000    0.000
 0.000000    0.00000    0.000
 0.000000    0.00000    0.000
 0.000000    0.00000    0.000
 0.000000    0.00000    0.000
 0.000000    0.00000    0.000
 0.000000    0.00000    0.000
 0.000000    0.00000    0.000
 0.000000    0.00000    0.000
 0.000000    0.00000    0.000
 0.000000    0.00000    0.000
 0.000000    0.00000    0.000
 0.000000    0.00000    0.000
 0.000000    0.00000    0.000
 0.000000    0.00000    0.000
 0.000000    0.00000    0.000
 0.000000    0.00000    0.000
 0.000000    0.00000    0.000
 0.000000    0.00000    0.000
 0.000000    0.00000    0.000
 0.000000    0.00000    0.000
 0.000000    0.00000    0.000
 0.000000    0.00000    0.000
 0.000000    0.00000    0.000
 0.000000    0.00000    0.000
 0.000000    0.00000    0.000
 0.000000    0.00000    0.000
 0.000000    0.00000    0.000
 0.000000    0.00000    0.000
 0.000000    0.00000    0.000
 0.000000    0.00000    0.000
 0.000000    0.00000    0.000
 0.000000    0.00000    0.000
 0.000000    0.00000    0.000
 0.000000    0.00000    0.000
 0.000000    0.00000    0.000
 0.000000    0.00000    0.000
 0.000000    0.00000    0.000
 0.000000    0.00000    0.000
 0.000000    0.00000    0.000
 0.000000    0.00000    0.000
 0.000000    0.00000    0.000
 0.000000    0.00000    0.000
 0.000000    0.00000    0.000
 0.000000    0.00000    0.000
 0.000000    0.00000    0.000
 0.000000    0.00000    0.000
 0.000000    0.00000    0.000
 0.000000    0.00000    0.000
 0.000000    0.00000    0.000
 0.000000    0.00000    0.000
 0.000000    0.00000    0.000
 0.000000    0.00000    0.000
 0.000000    0.00000    0.000
 0.000000    0.00000    0.000
 0.000000    0.00000    0.000
 0.000000    0.00000    0.000
 0.000000    0.00000    0.000
 0.000000    0.00000    0.000
 0.000000    0.00000    0.000
 0.000000    0.00000    0.000
 0.000000    0.00000    0.000
 0.000000    0.00000    0.000
 0.000000    0.00000    0.000
 0.000000    0.00000    0.000
 0.000000    0.00000    0.000
 0.000000    0.00000    0.000
 0.000000    0.00000    0.000
 0.000000    0.00000    0.000
 0.000155    0.01414   -5.625
 0.000460    0.03785   -4.917
 0.000420    0.02571   -3.361
 0.000441    0.02654   -3.268
 0.000413    0.02289   -2.981
 0.000405    0.02167   -2.826
 0.000431    0.02290   -2.830
 0.000319    0.01485   -2.430
 0.000347    0.01597   -2.397
 0.000364    0.01687   -2.401
 0.000390    0.01951   -2.614
 0.000403    0.01977   -2.557
 0.000368    0.01783   -2.521
 0.000387    0.01830   -2.452
 0.000359    0.01755   -2.566
 0.000262    0.01196   -2.391
 0.000330    0.01483   -2.316
 0.000383    0.01920   -2.624
 0.000407    0.02069   -2.667
 0.000400    0.01967   -2.569
 0.000359    0.01653   -2.384
 0.000319    0.01388   -2.237
 0.000250    0.01023   -2.091
 0.000257    0.01010   -1.998
 0.000207    0.00799   -1.954
 0.000210    0.00855   -2.074
 0.000266    0.01268   -2.492
 0.000181    0.00832   -2.398
 0.000162    0.00624   -1.959
 0.000211    0.00798   -1.912
 0.000221    0.00844   -1.937
 0.000200    0.00824   -2.118
 0.000189    0.00747   -2.017
 0.000280    0.01113   -2.024
 0.000319    0.01279   -2.040
 0.000287    0.01164   -2.063
 0.000273    0.01125   -2.107
 0.000296    0.01260   -2.181
 0.000313    0.01320   -2.160
 0.000269    0.01108   -2.105
 0.000288    0.01172   -2.074
 0.000287    0.01208   -2.151
 0.000331    0.01469   -2.286
 0.000356    0.01668   -2.427
 0.000372    0.01778   -2.479
 0.000376    0.01790   -2.476
 0.000374    0.01780   -2.472
 0.000375    0.01784   -2.472
 0.000369    0.01738   -2.441
 0.000362    0.01695   -2.424
 0.000356    0.01663   -2.419
 0.000363    0.01686   -2.406
 0.000366    0.01708   -2.416
 0.000367    0.01712   -2.420
 0.000363    0.01709   -2.447
 0.000327    0.01532   -2.437
 0.000327    0.01504   -2.399
 0.000281    0.01236   -2.279
 0.000311    0.01327   -2.196
 0.000287    0.01206   -2.156
 0.000305    0.01289   -2.163
 0.000307    0.01301   -2.172
 0.000313    0.01369   -2.247
 0.000328    0.01448   -2.268
 0.000331    0.01475   -2.293
 0.000315    0.01389   -2.271
 0.000329    0.01438   -2.247
 0.000297    0.01288   -2.227
 0.000321    0.01387   -2.220
 0.000296    0.01282   -2.221
 0.000325    0.01413   -2.233
 0.000300    0.01307   -2.238
 0.000325    0.01420   -2.245
 0.000298    0.01306   -2.248
 0.000319    0.01393   -2.242
 0.000291    0.01266   -2.237
 0.000312    0.01349   -2.223
 0.000286    0.01234   -2.214
 0.000312    0.01350   -2.220
 0.000283    0.01221   -2.217
 0.000307    0.01334   -2.230
 0.000277    0.01189   -2.202
 0.000310    0.01341   -2.222
 0.000290    0.01265   -2.240
 0.000317    0.01403   -2.277
 0.000299    0.01333   -2.294
 0.000325    0.01458   -2.310
 0.000310    0.01398   -2.323
 0.000313    0.01396   -2.302
 0.000316    0.01414   -2.305
 0.000283    0.01262   -2.302
 0.000295    0.01367   -2.427
 0.000257    0.01170   -2.393
 0.000246    0.01047   -2.183
 0.000280    0.01174   -2.142
 0.000253    0.01064   -2.152
 0.000268    0.01136   -2.171
 0.000269    0.01183   -2.282
 0.000247    0.01216   -2.628
 0.000248    0.01263   -2.750
 0.000217    0.01044   -2.562
 0.000193    0.00869   -2.370
 0.000195    0.00843   -2.254
 0.000222    0.00911   -2.102
 0.000208    0.00833   -2.038
 0.000199    0.00804   -2.054
 0.000203    0.00824   -2.072
 0.000223    0.00915   -2.088
 0.000222    0.00914   -2.104
 0.000202    0.00877   -2.265
 0.000190    0.00855   -2.362
 0.000189    0.00790   -2.145
 0.000209    0.00844   -2.057
 0.000186    0.00759   -2.079
 0.000184    0.00826   -2.357
 0.000174    0.00732   -2.165
 0.000198    0.00847   -2.212
 0.000188    0.00807   -2.231
 0.000161    0.00655   -2.073
 0.000159    0.00640   -2.045
 0.000165    0.00667   -2.055
 0.000177    0.00716   -2.064
 0.000200    0.00814   -2.071
 0.000169    0.00790   -2.457
 0.000144    0.00682   -2.514
 0.000125    0.00524   -2.150
 0.000130    0.00522   -2.052
 0.000140    0.00566   -2.062
 0.000179    0.00747   -2.136
 0.000137    0.00542   -2.007
 0.000115    0.00446   -1.969
 0.000104    0.00405   -1.968
 0.000099    0.00385   -1.965
 0.000093    0.00361   -1.959
 0.000092    0.00361   -1.984
 0.000128    0.00586   -2.363
 0.000221    0.01283   -3.091
 0.000234    0.01519   -3.508
 0.000095    0.00575   -3.236
 0.000017    0.00096   -2.912
 0.000001    0.00004   -2.810
 0.000000    0.00000    0.000
 0.000000    0.00000    0.000
 0.000000    0.00000    0.000
 0.000000    0.00000    0.000
 0.000000    0.00002   -2.650
 0.000027    0.00148   -2.936
 0.000066    0.00397   -3.224
 0.000058    0.00367   -3.402
 0.000066    0.00459   -3.840
 0.000062    0.00422   -3.757
 0.000063    0.00404   -3.495
 0.000036    0.00242   -3.631
 0.000009    0.00061   -3.736
 0.000000    0.00001   -3.834
 0.000000    0.00000    0.000
 0.000000    0.00000    0.000
 0.000000    0.00000    0.000
 0.000000    0.00000    0.000
 0.000000    0.00000    0.000
 0.000000    0.00000    0.000
 0.000000    0.00000    0.000
 0.000000    0.00000    0.000
 0.000005    0.00020   -2.012
 0.000043    0.00174   -2.059
 0.000089    0.00370   -2.112
 0.000167    0.00697   -2.123
 0.000154    0.00648   -2.145
 0.000159    0.00672   -2.161
 0.000175    0.00741   -2.164
 0.000194    0.00809   -2.135
 0.000142    0.00588   -2.120
 0.000128    0.00530   -2.111
 0.000127    0.00525   -2.100
 0.000130    0.00530   -2.088
 0.000134    0.00545   -2.075
 0.000143    0.00576   -2.058
 0.000107    0.00431   -2.044
 0.000087    0.00348   -2.034
 0.000073    0.00292   -2.029
 0.000063    0.00253   -2.028
 0.000060    0.00241   -2.034
 0.000067    0.00268   -2.042
 0.000069    0.00278   -2.054
 0.000074    0.00298   -2.065
 0.000079    0.00321   -2.073
 0.000084    0.00342   -2.080
 0.000088    0.00362   -2.089
 0.000116    0.00476   -2.097
 0.000096    0.00396   -2.096
 0.000077    0.00317   -2.092
 0.000064    0.00264   -2.090
 0.000055    0.00227   -2.091
 0.000058    0.00237   -2.089
 0.000064    0.00260   -2.089
 0.000067    0.00274   -2.092
 0.000071    0.00292   -2.101
 0.000076    0.00316   -2.118
 0.000082    0.00344   -2.139
 0.000100    0.00423   -2.152
 0.000108    0.00453   -2.147
 0.000082    0.00342   -2.134
 0.000066    0.00274   -2.117
 0.000055    0.00225   -2.101
 0.000057    0.00235   -2.094
 0.000061    0.00251   -2.093
 0.000063    0.00258   -2.096
 0.000064    0.00266   -2.102
 0.000066    0.00272   -2.107
 0.000066    0.00274   -2.109
 0.000066    0.00274   -2.109
 0.000066    0.00274   -2.111
 0.000092    0.00385   -2.129
 0.000077    0.00320   -2.129
 0.000060    0.00248   -2.122
 0.000050    0.00207   -2.112
 0.000044    0.00183   -2.104
 0.000041    0.00171   -2.103
 0.000039    0.00162   -2.107
 0.000046    0.00190   -2.113
 0.000057    0.00237   -2.123
 0.000067    0.00280   -2.142
 0.000075    0.00315   -2.156
 0.000080    0.00337   -2.164
 0.000094    0.00397   -2.168
 0.000099    0.00417   -2.163
 0.000070    0.00293   -2.134
 0.000055    0.00227   -2.106
 0.000046    0.00190   -2.091
 0.000040    0.00165   -2.082
 0.000036    0.00145   -2.079
 0.000031    0.00128   -2.080
 0.000029    0.00118   -2.078
 0.000031    0.00126   -2.070
 0.000031    0.00127   -2.058
 0.000025    0.00102   -2.049
 0.000016    0.00066   -2.045
 0.000012    0.00047   -2.040
 0.000009    0.00035   -2.034
 0.000007    0.00026   -2.028
 0.000005    0.00020   -2.020
 0.000004    0.00015   -2.014
 0.000003    0.00012   -2.011
 0.000002    0.00008   -2.010
 0.000001    0.00006   -2.012
 0.000001    0.00004   -2.019
 0.000001    0.00004   -2.020
 0.000001    0.00003   -2.019
 0.000001    0.00004   -2.038
 0.000002    0.00007   -2.210
 0.000003    0.00013   -2.320
 0.000005    0.00023   -2.335
 0.000007    0.00034   -2.349
 0.000009    0.00043   -2.351
 0.000011    0.00050   -2.324
 0.000013    0.00058   -2.278
 0.000027    0.00119   -2.230
 0.000041    0.00177   -2.227
 0.000058    0.00255   -2.255
 0.000075    0.00332   -2.285
 0.000108    0.00485   -2.304
 0.000082    0.00362   -2.281
 0.000058    0.00255   -2.245
 0.000046    0.00198   -2.220
 0.000038    0.00164   -2.212
 0.000040    0.00175   -2.211
 0.000052    0.00223   -2.218
 0.000060    0.00260   -2.230
 0.000068    0.00297   -2.251
 0.000074    0.00326   -2.260
 0.000085    0.00375   -2.261
 0.000089    0.00392   -2.266
 0.000061    0.00263   -2.222
 0.000046    0.00198   -2.187
 0.000038    0.00161   -2.163
 0.000033    0.00138   -2.148
 0.000029    0.00122   -2.135
 0.000026    0.00111   -2.134
 0.000034    0.00145   -2.152
 0.000043    0.00181   -2.163
 0.000049    0.00208   -2.180
 0.000054    0.00231   -2.198
 0.000057    0.00246   -2.215
 0.000058    0.00254   -2.228
 0.000060    0.00260   -2.230
 0.000070    0.00309   -2.258
 0.000068    0.00299   -2.277
 0.000047    0.00203   -2.238
 0.000036    0.00153   -2.203
 0.000030    0.00126   -2.180
 0.000026    0.00108   -2.162
 0.000022    0.00094   -2.137
 0.000020    0.00084   -2.118
 0.000019    0.00077   -2.116
 0.000017    0.00072   -2.122
 0.000016    0.00066   -2.130
 0.000015    0.00061   -2.138
 0.000017    0.00071   -2.143
 0.000024    0.00100   -2.145
 0.000022    0.00091   -2.148
 0.000020    0.00083   -2.159
 0.000018    0.00077   -2.166
 0.000017    0.00072   -2.168
 0.000016    0.00067   -2.168
 0.000015    0.00061   -2.166
 0.000013    0.00056   -2.168
 0.000012    0.00051   -2.178
 0.000010    0.00044   -2.197
 0.000009    0.00038   -2.227
 0.000007    0.00033   -2.261
 0.000007    0.00029   -2.287
 0.000007    0.00029   -2.285
 0.000007    0.00033   -2.251
 0.000009    0.00039   -2.193
 0.000012    0.00053   -2.163
 0.000017    0.00073   -2.175
 0.000022    0.00095   -2.195
 0.000027    0.00116   -2.211
 0.000031    0.00134   -2.223
 0.000034    0.00148   -2.231
 0.000038    0.00164   -2.230
 0.000063    0.00282   -2.332
 0.000046    0.00208   -2.318
 0.000032    0.00139   -2.253
 0.000025    0.00105   -2.186
 0.000021    0.00090   -2.160
 0.000019    0.00082   -2.156
 0.000018    0.00077   -2.157
 0.000017    0.00074   -2.164
 0.000017    0.00072   -2.182
 0.000030    0.00130   -2.206
 0.000037    0.00160   -2.220
 0.000041    0.00177   -2.226
 0.000041    0.00178   -2.228
 0.000038    0.00167   -2.224
 0.000034    0.00145   -2.213
 0.000028    0.00119   -2.215
 0.000021    0.00091   -2.237
 0.000014    0.00063   -2.284
 0.000008    0.00037   -2.366
 0.000003    0.00014   -2.716
 0.000001    0.00006   -3.301
 0.000001    0.00004   -3.279
 0.000000    0.00001   -3.256
 0.000000    0.00002   -3.224
 0.000001    0.00004   -3.196
 0.000001    0.00006   -3.163
 0.000001    0.00008   -3.127
 0.000002    0.00010   -3.089
 0.000002    0.00012   -3.054
 0.000002    0.00014   -3.017
 0.000003    0.00015   -2.977
 0.000003    0.00016   -2.938
 0.000003    0.00017   -2.899
 0.000003    0.00018   -2.860
 0.000003    0.00018   -2.821
 0.000019    0.00138   -4.136
 0.000042    0.00330   -4.362
 0.000020    0.00147   -3.985
 0.000014    0.00073   -2.806
 0.000002    0.00008   -2.568
 0.000011    0.00079   -3.828
 0.000081    0.00577   -3.941
 0.000086    0.00619   -3.969
 0.000035    0.00246   -3.882
 0.000037    0.00259   -3.790
 0.000078    0.00539   -3.760
 0.000086    0.00581   -3.694
 0.000068    0.00458   -3.673
 0.000055    0.00375   -3.742
 0.000060    0.00428   -3.903
 0.000066    0.00480   -4.048
 0.000107    0.00769   -3.968
 0.000044    0.00307   -3.865
 0.000004    0.00028   -3.702
 0.000000    0.00000    0.000
 0.000001    0.00008   -3.643
 0.000000    0.00003   -3.624
 0.000000    0.00000   -3.548
 0.000004    0.00028   -3.723
 0.000015    0.00105   -3.848
 0.000028    0.00201   -4.000
 0.000108    0.00757   -3.854
 0.000018    0.00121   -3.705
 0.000001    0.00008   -3.399
 0.000007    0.00043   -3.549
 0.000017    0.00120   -3.814
 0.000031    0.00228   -4.076
 0.000093    0.00680   -4.063
 0.000055    0.00413   -4.217
 0.000036    0.00286   -4.503
 0.000027    0.00227   -4.797
 0.000040    0.00336   -4.744
 0.000017    0.00140   -4.769
 0.000003    0.00029   -4.928
 0.000000    0.00003   -5.123
 0.000000    0.00000    0.000
 0.000000    0.00000    0.000
 0.000000    0.00000    0.000
 0.000000    0.00000    0.000
 0.000000    0.00000    0.000
 0.000000    0.00000    0.000
 0.000000    0.00000    0.000
 0.000000    0.00000    0.000
 0.000000    0.00000    0.000
 0.000001    0.00003   -1.048
 0.000000    0.00000    0.000
 0.000000    0.00000    0.000
 0.000000    0.00000    0.000
 0.000000    0.00000    0.000
 0.000000    0.00000    0.000
 0.000000    0.00000    0.000
 0.000000    0.00000    0.000
 0.000000    0.00000    0.000
 0.000000    0.00000    0.000
 0.000000    0.00000    0.000
 0.000010    0.00020   -1.003
 0.000000    0.00000   -1.034
 0.000000    0.00000    0.000
 0.000000    0.00000    0.000
 0.000000    0.00000    0.000
 0.000000    0.00000    0.000
 0.000000    0.00000    0.000
 0.000000    0.00000    0.000
 0.000000    0.00000    0.000
 0.000000    0.00001   -4.918
 0.000024    0.00158   -3.706
 0.000020    0.00170   -4.811
 0.000007    0.00059   -4.944
 0.000000    0.00002   -4.920
 0.000000    0.00000    0.000
 0.000000    0.00000    0.000
 0.000000    0.00000    0.000
 0.000006    0.00011   -0.935
 0.000000    0.00001   -1.071
 0.000000    0.00001   -4.495
 0.000000    0.00000    0.000
 0.000000    0.00000    0.000
 0.000000    0.00000    0.000
 0.000000    0.00000    0.000
 0.000000    0.00000    0.000
 0.000000    0.00000    0.000
 0.000000    0.00000    0.000
 0.000000    0.00000    0.000
 0.000000    0.00000    0.000
 0.000000    0.00000    0.000
 0.000000    0.00000    0.000
 0.000000    0.00000    0.000
 0.000013    0.00026   -0.981
 0.000003    0.00005   -0.985
 0.000000    0.00000    0.000
 0.000000    0.00000    0.000
 0.000000    0.00000    0.000
 0.000000    0.00000    0.000
 0.000005    0.00009   -0.863
 0.000000    0.00000    0.000
 0.000000    0.00000    0.000
 0.000000    0.00000    0.000
 0.000000    0.00000    0.000
 0.000000    0.00000    0.000
 0.000000    0.00000    0.000
 0.000000    0.00000    0.000
 0.000000    0.00000    0.000
 0.000000    0.00000    0.000
 0.000000    0.00000    0.000
 0.000000    0.00000    0.000
 0.000000    0.00000    0.000
 0.000000    0.00000    0.000
 0.000000    0.00000    0.000
 0.000000    0.00000    0.000
 0.000000    0.00000    0.000
 0.000000    0.00000    0.000
 0.000000    0.00000    0.000
 0.000000    0.00000    0.000
 0.000000    0.00000    0.000
 0.000000    0.00000    0.000
 0.000000    0.00000    0.000
 0.000000    0.00000    0.000
 0.000000    0.00000    0.000
 0.000000    0.00000    0.000
 0.000010    0.00016   -0.793
 0.000000    0.00000   -0.824
 0.000000    0.00000    0.000
 0.000000    0.00000    0.000
 0.000000    0.00000    0.000
 0.000000    0.00000    0.000
 0.000000    0.00000    0.000
 0.000000    0.00000    0.000
 0.000000    0.00000    0.000
 0.000000    0.00000    0.000
 0.000000    0.00000    0.000
 0.000000    0.00000    0.000
 0.000000    0.00000    0.000
 0.000000    0.00000    0.000
 0.000003    0.00007   -1.033
 0.000000    0.00000    0.000
 0.000002    0.00010   -3.007
 0.000001    0.00006   -3.021
 0.000000    0.00002   -3.056
 0.000000    0.00003   -3.127
 0.000000    0.00003   -3.214
 0.000001    0.00007   -3.302
 0.000001    0.00003   -3.343
 0.000001    0.00004   -3.403
 0.000000    0.00000    0.000
 0.000000    0.00000    0.000
 0.000000    0.00000    0.000
 0.000000    0.00000    0.000
 0.000000    0.00000    0.000
 0.000000    0.00000    0.000
 0.000000    0.00000    0.000
 0.000000    0.00000    0.000
 0.000000    0.00000    0.000
 0.000000    0.00000    0.000
 0.000018    0.00097   -2.810
 0.000052    0.00287   -2.886
 0.000014    0.00076   -2.924
 0.000003    0.00016   -2.950
 0.000000    0.00000    0.000
 0.000000    0.00000    0.000
 0.000000    0.00000    0.000
 0.000001    0.00006   -2.598
 0.000000    0.00000    0.000
 0.000000    0.00000    0.000
 0.000000    0.00000    0.000
 0.000000    0.00000    0.000
 0.000000    0.00000    0.000
 0.000000    0.00000    0.000
 0.000000    0.00000    0.000
 0.000000    0.00000    0.000
 0.000000    0.00000    0.000
 0.000000    0.00000    0.000
 0.000000    0.00000    0.000
 0.000000    0.00000    0.000
 0.000000    0.00000    0.000
 0.000000    0.00000    0.000
 0.000000    0.00000    0.000
 0.000000    0.00000    0.000
 0.000000    0.00000    0.000
 0.000000    0.00000    0.000
 0.000000    0.00000    0.000
 0.000000    0.00000    0.000
 0.000000    0.00000    0.000
 0.000000    0.00000    0.000
 0.000000    0.00000    0.000
 0.000000    0.00000    0.000
 0.000000    0.00000    0.000
 0.000000    0.00000    0.000
 0.000000    0.00000    0.000
 0.000000    0.00000    0.000
 0.000000    0.00000    0.000
 0.000000    0.00000    0.000
 0.000000    0.00000    0.000
 0.000009    0.00014   -0.707
 0.000025    0.00043   -0.845
 0.000033    0.00062   -0.921
 0.000011    0.00031   -1.433
 0.000008    0.00025   -1.476
 0.000005    0.00014   -1.460
 0.000013    0.00038   -1.434
 0.000010    0.00028   -1.417
 0.000005    0.00015   -1.399
 0.000004    0.00011   -1.384
 0.000002    0.00005   -1.369
 0.000000    0.00000    0.000
 0.000003    0.00007   -1.332
 0.000006    0.00016   -1.325
 0.000005    0.00014   -1.310
 0.000000    0.00000    0.000
 0.000000    0.00000    0.000
 0.000000    0.00000    0.000
 0.000000    0.00000    0.000
 0.000000    0.00000    0.000
 0.000000    0.00000    0.000
 0.000000    0.00000    0.000
 0.000000    0.00000    0.000
 0.000000    0.00000    0.000
 0.000000    0.00000    0.000
 0.000000    0.00000    0.000
 0.000000    0.00000    0.000
 0.000000    0.00000    0.000
 0.000003    0.00006   -1.038
 0.000003    0.00006   -1.027
 0.000008    0.00016   -1.006
 0.000007    0.00014   -0.991
 0.000009    0.00016   -0.879
 0.000009    0.00014   -0.732
 0.000025    0.00038   -0.719
 0.000018    0.00027   -0.739
 0.000019    0.00030   -0.753
 0.000001    0.00002   -0.759
 0.000000    0.00000    0.000
 0.000000    0.00000    0.000
 0.000000    0.00000    0.000
 0.000014    0.00021   -0.753
 0.000032    0.00051   -0.758
 0.000022    0.00035   -0.760
 0.000028    0.00044   -0.757
 0.000015    0.00024   -0.752
 0.000012    0.00019   -0.742
 0.000005    0.00008   -0.734
 0.000000    0.00000    0.000
 0.000000    0.00000    0.000
 0.000000    0.00000    0.000
 0.000000    0.00000    0.000
 0.000000    0.00000    0.000
 0.000000    0.00000    0.000
 0.000000    0.00000    0.000
 0.000000    0.00000    0.000
 0.000000    0.00000    0.000
 0.000000    0.00000    0.000
 0.000000    0.00000    0.000
 0.000000    0.00000    0.000
 0.000000    0.00000    0.000
 0.000000    0.00000    0.000
 0.000000    0.00000    0.000
 0.000000    0.00000    0.000
 0.000000    0.00000    0.000
 0.000000    0.00000    0.000
 0.000000    0.00000    0.000
 0.000000    0.00000    0.000
 0.000000    0.00000    0.000
 0.000000    0.00000    0.000
 0.000000    0.00000    0.000
 0.000000    0.00000    0.000
 0.000000    0.00000    0.000
 0.000000    0.00000    0.000
 0.000000    0.00000    0.000
 0.000000    0.00000    0.000
 0.000000    0.00000    0.000
 0.000000    0.00000    0.000
 0.000000    0.00000    0.000
 0.000000    0.00000    0.000
 0.000000    0.00000    0.000
 0.000000    0.00000    0.000
 0.000000    0.00000    0.000
 0.000000    0.00000    0.000
 0.000000    0.00000    0.000
 0.000000    0.00000    0.000
 0.000000    0.00000    0.000
 0.000000    0.00000    0.000
 0.000000    0.00000    0.000
 0.000000    0.00000    0.000
 0.000000    0.00000    0.000
 0.000000    0.00000    0.000
 0.000000    0.00000    0.000
 0.000000    0.00000    0.000
 0.000000    0.00000    0.000
 0.000000    0.00000    0.000
 0.000000    0.00000    0.000
 0.000000    0.00000    0.000
 0.000000    0.00000    0.000
 0.000000    0.00000    0.000
 0.000000    0.00000    0.000
 0.000000    0.00000    0.000
 0.000000    0.00000    0.000
 0.000000    0.00000    0.000
 0.000000    0.00000    0.000
 0.000000    0.00000    0.000
 0.000000    0.00000    0.000
 0.000000    0.00000    0.000
 0.000000    0.00000    0.000
 0.000000    0.00000    0.000
 0.000000    0.00000    0.000
 0.000000    0.00000    0.000
 0.000000    0.00000    0.000
 0.000000    0.00000    0.000
 0.000000    0.00000    0.000
 0.000000    0.00000    0.000
 0.000000    0.00000    0.000
 0.000000    0.00000    0.000
 0.000000    0.00000    0.000
 0.000000    0.00000    0.000
 0.000000    0.00000    0.000
 0.000000    0.00000    0.000
 0.000000    0.00000    0.000
 0.000000    0.00000    0.000
 0.000000    0.00000    0.000
 0.000000    0.00000    0.000
 0.000000    0.00000    0.000
 0.000000    0.00000    0.000
 0.000000    0.00000    0.000
 0.000000    0.00000    0.000
 0.000000    0.00000    0.000
 0.000000    0.00000    0.000
 0.000000    0.00000    0.000
 0.000000    0.00000    0.000
 0.000000    0.00000    0.000
 0.000000    0.00000    0.000
 0.000000    0.00000    0.000
 0.000000    0.00000    0.000
 0.000000    0.00000    0.000
 0.000000    0.00000    0.000
 0.000000    0.00000    0.000
 0.000000    0.00000    0.000
 0.000000    0.00000    0.000
 0.000000    0.00000    0.000
 0.000000    0.00000    0.000
 0.000000    0.00000    0.000
 0.000000    0.00000    0.000
 0.000084    0.00439   -2.743
 0.000266    0.01146   -2.213
 0.000011    0.00041   -1.847
 0.000000    0.00000    0.000
 0.000000    0.00000    0.000
 0.000000    0.00000    0.000
 0.000000    0.00000    0.000
 0.000000    0.00000    0.000
 0.000000    0.00000    0.000
 0.000000    0.00000    0.000
 0.000000    0.00000    0.000
 0.000062    0.00247   -2.027
 0.000158    0.00624   -2.011
 0.000001    0.00004   -1.822
 0.000063    0.00261   -2.123
 0.000045    0.00173   -1.933
 0.000000    0.00000    0.000
 0.000000    0.00000    0.000
 0.000140    0.00626   -2.301
 0.000335    0.01405   -2.146
 0.000415    0.02140   -2.704
 0.000393    0.01889   -2.497
 0.000354    0.01537   -2.225
 0.000197    0.00792   -2.044
 0.000055    0.00202   -1.839
 0.000001    0.00003   -1.789
 0.000000    0.00000    0.000
 0.000000    0.00000    0.000
 0.000000    0.00000    0.000
 0.000000    0.00000    0.000
 0.000000    0.00000    0.000
 0.000000    0.00000    0.000
 0.000000    0.00000    0.000
 0.000000    0.00000    0.000
 0.000000    0.00000    0.000
 0.000000    0.00000    0.000
 0.000000    0.00000    0.000
 0.000000    0.00000    0.000
 0.000000    0.00000    0.000
 0.000001    0.00005   -1.592
 0.000004    0.00017   -1.944
 0.000258    0.01352   -2.762
 0.000453    0.02535   -2.980
 0.000407    0.02096   -2.708
 0.000367    0.01849   -2.643
 0.000419    0.02108   -2.633
 0.000376    0.01692   -2.329
 0.000317    0.01428   -2.327
 0.000243    0.00975   -2.041
 0.000159    0.00641   -2.062
 0.000288    0.01186   -2.109
 0.000230    0.00877   -1.927
 0.000156    0.00616   -2.013
 0.000213    0.00838   -2.002
 0.000211    0.00802   -1.924
 0.000155    0.00564   -1.839
 0.000039    0.00138   -1.794
 0.000000    0.00000   -1.772
 0.000000    0.00000    0.000
 0.000028    0.00168   -3.169
 0.000146    0.00654   -2.308
 0.000285    0.01120   -1.994
 0.000258    0.01014   -1.998
 0.000373    0.01686   -2.331
 0.000374    0.01936   -2.726
 0.000416    0.02335   -2.990
 0.000424    0.02255   -2.818
 0.000396    0.01954   -2.576
 0.000317    0.01377   -2.233
 0.000272    0.01087   -2.035
 0.000185    0.00703   -1.927
 0.000134    0.00498   -1.884
 0.000211    0.00870   -2.120
 0.000245    0.01091   -2.297
 0.000212    0.00815   -1.950
 0.000186    0.00689   -1.874
 0.000142    0.00520   -1.849
 0.000088    0.00318   -1.825
 0.000031    0.00110   -1.819
 0.000008    0.00044   -2.781
 0.000044    0.00218   -2.558
 0.000223    0.00943   -2.171
 0.000374    0.01503   -2.046
 0.000316    0.01260   -2.030
 0.000260    0.01030   -2.015
 0.000214    0.00834   -1.980
 0.000163    0.00622   -1.927
 0.000122    0.00453   -1.883
 0.000149    0.00544   -1.844
 0.000077    0.00276   -1.813
 0.000014    0.00052   -1.793
 0.000001    0.00005   -2.417
 0.000024    0.00132   -2.954
 0.000036    0.00189   -2.768
 0.000115    0.00438   -1.928
 0.000211    0.00797   -1.915
 0.000296    0.01213   -2.094
 0.000336    0.01451   -2.218
 0.000284    0.01206   -2.173
 0.000261    0.01059   -2.070
 0.000213    0.00845   -2.011
 0.000257    0.01050   -2.085
 0.000258    0.01034   -2.042
 0.000200    0.00785   -1.993
 0.000235    0.00971   -2.115
 0.000304    0.01333   -2.256
 0.000325    0.01521   -2.423
 0.000353    0.01667   -2.446
 0.000339    0.01505   -2.285
 0.000266    0.01116   -2.142
 0.000234    0.00939   -2.038
 0.000210    0.00815   -1.965
 0.000157    0.00597   -1.923
 0.000138    0.00546   -2.017
 0.000149    0.00629   -2.170
 0.000205    0.00887   -2.221
 0.000278    0.01177   -2.171
 0.000292    0.01263   -2.218
 0.000292    0.01332   -2.351
 0.000335    0.01581   -2.447
 0.000343    0.01617   -2.447
 0.000341    0.01605   -2.438
 0.000343    0.01635   -2.476
 0.000353    0.01722   -2.539
 0.000361    0.01770   -2.560
 0.000344    0.01664   -2.518
 0.000335    0.01590   -2.471
 0.000328    0.01529   -2.422
 0.000264    0.01179   -2.308
 0.000257    0.01094   -2.180
 0.000198    0.00806   -2.076
 0.000177    0.00717   -2.070
 0.000187    0.00833   -2.295
 0.000151    0.00694   -2.389
 0.000158    0.00707   -2.314
 0.000122    0.00506   -2.128
 0.000118    0.00467   -2.019
 0.000137    0.00533   -1.969
 0.000184    0.00746   -2.063
 0.000227    0.00974   -2.196
 0.000274    0.01216   -2.282
 0.000265    0.01186   -2.308
 0.000285    0.01271   -2.298
 0.000254    0.01117   -2.256
 0.000266    0.01147   -2.214
 0.000234    0.00997   -2.181
 0.000227    0.00966   -2.182
 0.000246    0.01039   -2.164
 0.000215    0.00900   -2.144
 0.000213    0.00896   -2.156
 0.000243    0.01033   -2.178
 0.000223    0.00949   -2.183
 0.000226    0.00974   -2.209
 0.000252    0.01083   -2.205
 0.000215    0.00909   -2.167
 0.000208    0.00886   -2.182
 0.000231    0.00986   -2.189
 0.000206    0.00877   -2.178
 0.000211    0.00903   -2.193
 0.000242    0.01034   -2.194
 0.000204    0.00865   -2.172
 0.000193    0.00816   -2.167
 0.000216    0.00927   -2.206
 0.000199    0.00840   -2.166
 0.000183    0.00768   -2.146
 0.000202    0.00862   -2.191
 0.000238    0.01031   -2.223
 0.000213    0.00931   -2.240
 0.000232    0.01019   -2.260
 0.000232    0.01009   -2.236
 0.000209    0.00910   -2.234
 0.000239    0.01047   -2.248
 0.000211    0.00916   -2.233
 0.000216    0.00950   -2.262
 0.000244    0.01079   -2.271
 0.000217    0.00961   -2.275
 0.000250    0.01113   -2.295
 0.000218    0.00964   -2.272
 0.000226    0.01007   -2.297
 0.000230    0.01019   -2.285
 0.000196    0.00857   -2.247
 0.000228    0.01010   -2.278
 0.000206    0.00896   -2.233
 0.000197    0.00858   -2.240
 0.000235    0.01042   -2.282
 0.000196    0.00857   -2.239
 0.000200    0.00880   -2.261
 0.000234    0.01053   -2.326
 0.000183    0.00830   -2.356
 0.000180    0.00854   -2.489
 0.000190    0.00915   -2.524
 0.000168    0.00805   -2.514
 0.000123    0.00596   -2.542
 0.000105    0.00519   -2.606
 0.000094    0.00440   -2.434
 0.000092    0.00412   -2.340
 0.000098    0.00467   -2.498
 0.000093    0.00441   -2.505
 0.000080    0.00331   -2.128
 0.000103    0.00404   -1.995
 0.000112    0.00443   -2.011
 0.000104    0.00418   -2.041
 0.000099    0.00402   -2.075
 0.000103    0.00422   -2.097
 0.000113    0.00465   -2.109
 0.000125    0.00519   -2.117
 0.000152    0.00631   -2.119
 0.000143    0.00593   -2.119
 0.000113    0.00472   -2.131
 0.000106    0.00445   -2.139
 0.000114    0.00479   -2.142
 0.000126    0.00529   -2.145
 0.000152    0.00635   -2.134
 0.000131    0.00546   -2.122
 0.000103    0.00426   -2.122
 0.000092    0.00385   -2.127
 0.000101    0.00424   -2.134
 0.000114    0.00478   -2.147
 0.000131    0.00554   -2.167
 0.000159    0.00676   -2.174
 0.000122    0.00522   -2.193
 0.000116    0.00501   -2.221
 0.000141    0.00622   -2.259
 0.000185    0.00815   -2.270
 0.000148    0.00646   -2.246
 0.000141    0.00614   -2.232
 0.000153    0.00660   -2.217
 0.000171    0.00728   -2.180
 0.000122    0.00511   -2.135
 0.000089    0.00365   -2.099
 0.000070    0.00287   -2.080
 0.000064    0.00261   -2.079
 0.000070    0.00288   -2.088
 0.000073    0.00300   -2.108
 0.000079    0.00330   -2.138
 0.000087    0.00367   -2.164
 0.000096    0.00411   -2.186
 0.000125    0.00535   -2.202
 0.000098    0.00417   -2.180
 0.000080    0.00337   -2.163
 0.000090    0.00385   -2.195
 0.000119    0.00522   -2.241
 0.000168    0.00739   -2.256
 0.000131    0.00568   -2.227
 0.000106    0.00458   -2.215
 0.000119    0.00514   -2.223
 0.000134    0.00585   -2.244
 0.000153    0.00666   -2.243
 0.000109    0.00469   -2.199
 0.000082    0.00345   -2.157
 0.000068    0.00285   -2.144
 0.000079    0.00333   -2.155
 0.000089    0.00375   -2.168
 0.000099    0.00421   -2.186
 0.000102    0.00438   -2.197
 0.000122    0.00528   -2.212
 0.000082    0.00348   -2.167
 0.000062    0.00259   -2.136
 0.000050    0.00208   -2.118
 0.000042    0.00174   -2.103
 0.000036    0.00151   -2.119
 0.000034    0.00153   -2.355
 0.000031    0.00150   -2.598
 0.000025    0.00122   -2.563
 0.000021    0.00091   -2.218
 0.000026    0.00105   -2.066
 0.000028    0.00116   -2.078
 0.000031    0.00126   -2.095
 0.000036    0.00147   -2.104
 0.000043    0.00176   -2.115
 0.000053    0.00222   -2.135
 0.000065    0.00273   -2.154
 0.000089    0.00381   -2.187
 0.000087    0.00374   -2.191
 0.000062    0.00262   -2.165
 0.000048    0.00200   -2.146
 0.000039    0.00161   -2.130
 0.000033    0.00135   -2.120
 0.000028    0.00116   -2.112
 0.000024    0.00101   -2.109
 0.000022    0.00090   -2.115
 0.000023    0.00094   -2.135
 0.000032    0.00134   -2.153
 0.000033    0.00137   -2.144
 0.000036    0.00153   -2.142
 0.000043    0.00181   -2.155
 0.000051    0.00215   -2.177
 0.000057    0.00245   -2.200
 0.000066    0.00285   -2.212
 0.000099    0.00438   -2.267
 0.000069    0.00300   -2.223
 0.000050    0.00212   -2.174
 0.000039    0.00165   -2.144
 0.000033    0.00137   -2.128
 0.000028    0.00118   -2.121
 0.000025    0.00106   -2.130
 0.000024    0.00101   -2.169
 0.000027    0.00114   -2.178
 0.000032    0.00136   -2.166
 0.000029    0.00123   -2.159
 0.000031    0.00130   -2.155
 0.000032    0.00143   -2.314
 0.000039    0.00232   -3.274
 0.000039    0.00292   -4.268
 0.000036    0.00306   -4.869
 0.000029    0.00258   -5.039
 0.000018    0.00161   -5.245
 0.000005    0.00047   -5.399
 0.000000    0.00001   -5.522
 0.000000    0.00000    0.000
 0.000000    0.00000    0.000
 0.000000    0.00000    0.000
 0.000000    0.00000    0.000
 0.000000    0.00000    0.000
 0.000000    0.00000    0.000
 0.000000    0.00000    0.000
 0.000000    0.00000    0.000
 0.000000    0.00000    0.000
 0.000000    0.00000    0.000
 0.000000    0.00000    0.000
 0.000000    0.00000    0.000
 0.000000    0.00000    0.000
 0.000000    0.00000    0.000
 0.000001    0.00010   -4.773
 0.000008    0.00068   -4.751
 0.000011    0.00090   -4.724
 0.000012    0.00098   -4.697
 0.000015    0.00129   -4.734
 0.000021    0.00180   -4.896
 0.000020    0.00175   -5.186
 0.000007    0.00064   -5.495
 0.000000    0.00000   -5.327
 0.000000    0.00000    0.000
 0.000000    0.00000    0.000
 0.000000    0.00000    0.000
 0.000000    0.00000    0.000
 0.000000    0.00000    0.000
 0.000000    0.00000    0.000
 0.000000    0.00000    0.000
 0.000000    0.00001   -5.010
 0.000002    0.00018   -5.046
 0.000007    0.00063   -5.119
 0.000036    0.00306   -4.886
 0.000004    0.00037   -5.392
 0.000000    0.00000   -6.149
 0.000000    0.00000    0.000
 0.000000    0.00000    0.000
 0.000000    0.00000    0.000
 0.000000    0.00000    0.000
 0.000000    0.00000    0.000
 0.000000    0.00000    0.000
 0.000000    0.00000    0.000
 0.000000    0.00000    0.000
 0.000000    0.00000    0.000
 0.000000    0.00000    0.000
 0.000000    0.00000    0.000
 0.000000    0.00000    0.000
 0.000000    0.00000    0.000
 0.000000    0.00000    0.000
 0.000000    0.00000    0.000
 0.000000    0.00000    0.000
 0.000000    0.00000    0.000
 0.000000    0.00000    0.000
 0.000000    0.00000    0.000
 0.000000    0.00000    0.000
 0.000000    0.00000    0.000
 0.000000    0.00000    0.000
 0.000006    0.00024   -2.153
 0.000027    0.00113   -2.142
 0.000055    0.00226   -2.117
 0.000070    0.00289   -2.110
 0.000083    0.00341   -2.102
 0.000075    0.00307   -2.085
 0.000058    0.00237   -2.068
 0.000047    0.00188   -2.053
 0.000038    0.00152   -2.039
 0.000031    0.00124   -2.027
 0.000026    0.00103   -2.016
 0.000022    0.00086   -2.007
 0.000018    0.00072   -1.998
 0.000015    0.00059   -1.988
 0.000013    0.00049   -1.979
 0.000010    0.00040   -1.968
 0.000009    0.00033   -1.960
 0.000008    0.00030   -1.957
 0.000007    0.00026   -1.955
 0.000005    0.00021   -1.942
 0.000004    0.00016   -1.929
 0.000003    0.00011   -1.909
 0.000002    0.00006   -1.885
 0.000000    0.00002   -1.877
 0.000000    0.00000    0.000
 0.000000    0.00000    0.000
 0.000000    0.00000    0.000
 0.000000    0.00000    0.000
 0.000000    0.00000    0.000
 0.000000    0.00000    0.000
 0.000000    0.00000    0.000
 0.000000    0.00000    0.000
 0.000000    0.00000    0.000
 0.000000    0.00000    0.000
 0.000000    0.00000    0.000
 0.000000    0.00000    0.000
 0.000000    0.00000    0.000
 0.000000    0.00000    0.000
 0.000000    0.00000    0.000
 0.000000    0.00000    0.000
 0.000000    0.00000    0.000
 0.000000    0.00000    0.000
 0.000000    0.00000    0.000
 0.000000    0.00000    0.000
 0.000000    0.00000    0.000
 0.000000    0.00000    0.000
 0.000000    0.00000    0.000
 0.000000    0.00000    0.000
 0.000000    0.00000    0.000
 0.000000    0.00001   -8.321
 0.000002    0.00026   -8.524
 0.000006    0.00081   -8.848
 0.000008    0.00108   -9.198
 0.000006    0.00081   -9.480
 0.000003    0.00046   -9.711
 0.000003    0.00036  -10.136
 0.000001    0.00021  -10.547
 0.000001    0.00008  -11.057
 0.000000    0.00000  -11.399
 0.000000    0.00000    0.000
 0.000000    0.00000    0.000
 0.000000    0.00000    0.000
 0.000000    0.00000    0.000
 0.000000    0.00000    0.000
 0.000000    0.00000    0.000
 0.000000    0.00000    0.000
 0.000000    0.00000    0.000
 0.000000    0.00000    0.000
 0.000000    0.00000    0.000
 0.000000    0.00000    0.000
 0.000000    0.00000    0.000
 0.000000    0.00000    0.000
 0.000000    0.00000    0.000
 0.000000    0.00000    0.000
 0.000000    0.00000    0.000
 0.000000    0.00000    0.000
 0.000001    0.00003   -2.140
 0.000039    0.00167   -2.214
 0.000042    0.00180   -2.215
 0.000032    0.00140   -2.205
 0.000027    0.00113   -2.192
 0.000023    0.00097   -2.186
 0.000024    0.00103   -2.202
 0.000038    0.00166   -2.228
 0.000046    0.00201   -2.243
 0.000051    0.00223   -2.250
 0.000054    0.00236   -2.238
 0.000055    0.00238   -2.219
 0.000053    0.00226   -2.201
 0.000048    0.00207   -2.183
 0.000043    0.00183   -2.165
 0.000043    0.00181   -2.184
 0.000051    0.00229   -2.353
 0.000036    0.00184   -2.809
 0.000028    0.00193   -4.070
 0.000026    0.00237   -5.528
 0.000022    0.00210   -5.936
 0.000016    0.00153   -5.973
 0.000024    0.00272   -7.074
 0.000027    0.00309   -7.115
 0.000021    0.00235   -7.038
 0.000016    0.00176   -6.930
 0.000011    0.00118   -6.764
 0.000007    0.00079   -6.560
 0.000007    0.00069   -6.418
 0.000008    0.00085   -6.363
 0.000009    0.00099   -6.315
 0.000011    0.00110   -6.277
 0.000008    0.00078   -6.126
 0.000005    0.00047   -5.910
 0.000006    0.00054   -5.831
 0.000007    0.00065   -5.761
 0.000008    0.00078   -5.706
 0.000009    0.00081   -5.631
 0.000005    0.00048   -5.561
 0.000000    0.00000   -5.342
 0.000000    0.00000    0.000
 0.000001    0.00007   -4.738
 0.000014    0.00121   -4.808
 0.000031    0.00266   -4.967
 0.000055    0.00483   -5.096
 0.000082    0.00730   -5.165
 0.000052    0.00476   -5.330
 0.000036    0.00335   -5.472
 0.000025    0.00239   -5.596
 0.000017    0.00164   -5.696
 0.000011    0.00110   -5.785
 0.000006    0.00059   -5.805
 0.000004    0.00035   -5.858
 0.000001    0.00011   -5.825
 0.000000    0.00003   -5.552
 0.000019    0.00176   -5.290
 0.000002    0.00017   -5.114
 0.000000    0.00000    0.000
 0.000000    0.00000    0.000
 0.000000    0.00001   -4.884
 0.000000    0.00003   -4.891
 0.000000    0.00003   -4.879
 0.000000    0.00001   -4.851
 0.000000    0.00000   -4.796
 0.000000    0.00000   -4.791
 0.000000    0.00001   -4.773
 0.000000    0.00003   -4.757
 0.000001    0.00008   -4.781
 0.000002    0.00018   -4.808
 0.000003    0.00026   -4.827
 0.000002    0.00019   -4.789
 0.000000    0.00002   -4.649
 0.000000    0.00000    0.000
 0.000000    0.00000    0.000
 0.000000    0.00000    0.000
 0.000000    0.00000    0.000
 0.000000    0.00000    0.000
 0.000000    0.00000    0.000
 0.000000    0.00000    0.000
 0.000000    0.00000    0.000
 0.000001    0.00007   -4.082
 0.000005    0.00036   -4.155
 0.000007    0.00051   -4.149
 0.000007    0.00051   -4.120
 0.000006    0.00044   -4.084
 0.000006    0.00041   -4.059
 0.000010    0.00074   -4.123
 0.000094    0.00672   -3.917
 0.000032    0.00226   -3.839
 0.000007    0.00048   -3.716
 0.000001    0.00005   -3.677
 0.000002    0.00012   -3.734
 0.000006    0.00039   -3.846
 0.000004    0.00030   -3.852
 0.000001    0.00008   -3.806
 0.000000    0.00000    0.000
 0.000000    0.00000    0.000
 0.000000    0.00000    0.000
 0.000006    0.00037   -3.285
 0.000000    0.00000   -3.233
 0.000000    0.00000    0.000
 0.000000    0.00000    0.000
 0.000000    0.00000    0.000
 0.000000    0.00000    0.000
 0.000000    0.00000    0.000
 0.000000    0.00000    0.000
 0.000000    0.00000    0.000
 0.000000    0.00000    0.000
 0.000000    0.00000    0.000
 0.000000    0.00000    0.000
 0.000000    0.00000    0.000
 0.000000    0.00000    0.000
 0.000000    0.00000    0.000
 0.000000    0.00000    0.000
 0.000000    0.00000    0.000
 0.000000    0.00000    0.000
 0.000000    0.00000    0.000
 0.000000    0.00000    0.000
 0.000000    0.00000    0.000
 0.000000    0.00000    0.000
 0.000000    0.00000    0.000
 0.000016    0.00060   -1.950
 0.000198    0.00744   -1.900
 0.000075    0.00284   -1.912
 0.000076    0.00283   -1.880
 0.000009    0.00033   -1.892
 0.000001    0.00003   -1.866
 0.000000    0.00000    0.000
 0.000000    0.00000    0.000
 0.000000    0.00000    0.000
 0.000000    0.00000    0.000
 0.000000    0.00000    0.000
 0.000000    0.00000    0.000
 0.000000    0.00000    0.000
 0.000000    0.00000    0.000
 0.000000    0.00000    0.000
 0.000000    0.00000    0.000
 0.000090    0.00285   -1.586
 0.000023    0.00068   -1.459
 0.000000    0.00000    0.000
 0.000000    0.00000    0.000
 0.000000    0.00000    0.000
 0.000000    0.00000    0.000
 0.000015    0.00046   -1.497
 0.000110    0.00336   -1.516
 0.000046    0.00139   -1.511
 0.000060    0.00181   -1.492
 0.000057    0.00171   -1.475
 0.000089    0.00259   -1.450
 0.000038    0.00112   -1.448
 0.000075    0.00214   -1.422
 0.000009    0.00025   -1.423
 0.000062    0.00175   -1.391
 0.000007    0.00019   -1.392
 0.000045    0.00122   -1.357
 0.000035    0.00097   -1.351
 0.000036    0.00098   -1.331
 0.000009    0.00024   -1.328
 0.000035    0.00092   -1.304
 0.000019    0.00050   -1.298
 0.000016    0.00041   -1.282
 0.000029    0.00073   -1.265
 0.000012    0.00030   -1.252
 0.000010    0.00026   -1.246
 0.000000    0.00000    0.000
 0.000000    0.00000    0.000
 0.000000    0.00000    0.000
 0.000000    0.00000    0.000
 0.000000    0.00000    0.000
 0.000000    0.00000    0.000
 0.000000    0.00000    0.000
 0.000002    0.00006   -1.122
 0.000000    0.00000    0.000
 0.000000    0.00000    0.000
 0.000000    0.00000    0.000
 0.000000    0.00000    0.000
 0.000000    0.00000    0.000
 0.000000    0.00000    0.000
 0.000000    0.00000    0.000
 0.000000    0.00000    0.000
 0.000000    0.00000    0.000
 0.000000    0.00000    0.000
 0.000000    0.00000    0.000
 0.000000    0.00000    0.000
 0.000000    0.00000    0.000
 0.000000    0.00000    0.000
 0.000000    0.00000    0.000
 0.000000    0.00000    0.000
 0.000000    0.00000    0.000
 0.000000    0.00000    0.000
 0.000000    0.00000    0.000
 0.000000    0.00000    0.000
 0.000000    0.00000    0.000
 0.000000    0.00000    0.000
 0.000000    0.00000    0.000
 0.000000    0.00000    0.000
 0.000000    0.00000    0.000
 0.000000    0.00000    0.000
 0.000000    0.00000    0.000
 0.000000    0.00000    0.000
 0.000000    0.00000    0.000
 0.000000    0.00000    0.000
 0.000000    0.00000    0.000
 0.000000    0.00000    0.000
 0.000000    0.00000    0.000
 0.000000    0.00000    0.000
 0.000000    0.00000    0.000
 0.000000    0.00000    0.000
 0.000000    0.00000    0.000
 0.000000    0.00000    0.000
 0.000000    0.00000    0.000
 0.000000    0.00000    0.000
 0.000000    0.00000    0.000
 0.000000    0.00000    0.000
 0.000000    0.00000    0.000
 0.000000    0.00000    0.000
 0.000000    0.00000    0.000
 0.000000    0.00000    0.000
 0.000000    0.00000    0.000
 0.000000    0.00000    0.000
 0.000000    0.00000    0.000
 0.000000    0.00000    0.000
 0.000000    0.00000    0.000
 0.000000    0.00000    0.000
 0.000000    0.00000    0.000
 0.000000    0.00000    0.000
 0.000000    0.00000    0.000
 0.000000    0.00000    0.000
 0.000000    0.00000    0.000
 0.000000    0.00000    0.000
 0.000000    0.00000    0.000
 0.000000    0.00000    0.000
 0.000000    0.00000    0.000
 0.000000    0.00000    0.000
 0.000000    0.00000    0.000
 0.000000    0.00000    0.000
 0.000000    0.00000    0.000
 0.000000    0.00000    0.000
 0.000000    0.00000    0.000
 0.000000    0.00000    0.000
 0.000000    0.00000    0.000
 0.000000    0.00000    0.000
 0.000000    0.00000    0.000
 0.000000    0.00000    0.000
 0.000000    0.00000    0.000
 0.000000    0.00000    0.000
 0.000000    0.00000    0.000
 0.000000    0.00000    0.000
 0.000000    0.00000    0.000
 0.000000    0.00000    0.000
 0.000000    0.00000    0.000
 0.000000    0.00000    0.000
 0.000000    0.00000    0.000
 0.000000    0.00000    0.000
 0.000000    0.00000    0.000
 0.000000    0.00000    0.000
 0.000000    0.00000    0.000
 0.000000    0.00000    0.000
 0.000000    0.00000    0.000
 0.000000    0.00000    0.000
 0.000000    0.00000    0.000
 0.000000    0.00000    0.000
 0.000000    0.00000    0.000
 0.000000    0.00000    0.000
 0.000000    0.00000    0.000
 0.000000    0.00000    0.000
 0.000000    0.00000    0.000
 0.000000    0.00000    0.000
 0.000000    0.00000    0.000
 0.000000    0.00000    0.000
 0.000000    0.00000    0.000
 0.000000    0.00000    0.000
 0.000000    0.00000    0.000
 0.000000    0.00000    0.000
 0.000000    0.00000    0.000
 0.000000    0.00000    0.000
 0.000000    0.00000    0.000
 0.000000    0.00000    0.000
 0.000000    0.00000    0.000
 0.000000    0.00000    0.000
 0.000000    0.00000    0.000
 0.000000    0.00000    0.000
 0.000000    0.00000    0.000
 0.000000    0.00000    0.000
 0.000000    0.00000    0.000
 0.000000    0.00000    0.000
 0.000000    0.00000    0.000
 0.000000    0.00000    0.000
 0.000000    0.00000    0.000
 0.000000    0.00000    0.000
 0.000000    0.00000    0.000
 0.000000    0.00000    0.000
 0.000000    0.00000    0.000
 0.000000    0.00000    0.000
 0.000000    0.00000    0.000
 0.000000    0.00000    0.000
 0.000000    0.00000    0.000
 0.000000    0.00000    0.000
 0.000000    0.00000    0.000
 0.000000    0.00000    0.000
 0.000000    0.00000    0.000
 0.000000    0.00000    0.000
 0.000000    0.00000    0.000
 0.000000    0.00000    0.000
 0.000000    0.00000    0.000
 0.000000    0.00000    0.000
 0.000000    0.00000    0.000
 0.000000    0.00000    0.000
 0.000000    0.00000    0.000
 0.000000    0.00000    0.000
 0.000000    0.00000    0.000
 0.000000    0.00000    0.000
 0.000000    0.00000    0.000
 0.000000    0.00000    0.000
 0.000000    0.00000    0.000
 0.000000    0.00000    0.000
 0.000000    0.00000    0.000
 0.000089    0.00464   -2.730
 0.000112    0.00469   -2.137
 0.000000    0.00000    0.000
 0.000000    0.00000    0.000
 0.000000    0.00000    0.000
 0.000000    0.00000    0.000
 0.000000    0.00000    0.000
 0.000009    0.00056   -3.192
 0.000347    0.01841   -2.807
 0.000323    0.01334   -2.112
 0.000146    0.00544   -1.876
 0.000003    0.00009   -1.787
 0.000097    0.00387   -2.032
 0.000002    0.00006   -1.781
 0.000000    0.00000    0.000
 0.000018    0.00074   -2.037
 0.000246    0.01091   -2.275
 0.000270    0.01421   -2.792
 0.000423    0.02822   -3.692
 0.000445    0.02832   -3.514
 0.000415    0.02457   -3.192
 0.000431    0.02574   -3.234
 0.000459    0.02756   -3.269
 0.000372    0.02042   -2.976
 0.000381    0.01860   -2.553
 0.000388    0.01939   -2.644
 0.000329    0.01566   -2.503
 0.000338    0.01504   -2.302
 0.000356    0.01588   -2.298
 0.000331    0.01490   -2.332
 0.000325    0.01427   -2.262
 0.000269    0.01101   -2.091
 0.000275    0.01086   -2.009
 0.000246    0.01004   -2.084
 0.000235    0.01260   -2.865
 0.000176    0.00713   -2.068
 0.000356    0.01533   -2.207
 0.000353    0.01670   -2.452
 0.000382    0.01942   -2.664
 0.000401    0.01982   -2.581
 0.000362    0.01711   -2.454
 0.000350    0.01572   -2.317
 0.000324    0.01414   -2.249
 0.000292    0.01237   -2.172
 0.000283    0.01164   -2.096
 0.000278    0.01138   -2.091
 0.000236    0.01000   -2.188
 0.000235    0.00980   -2.142
 0.000307    0.01252   -2.076
 0.000300    0.01252   -2.129
 0.000329    0.01483   -2.326
 0.000358    0.01722   -2.503
 0.000375    0.01834   -2.550
 0.000377    0.01824   -2.519
 0.000371    0.01764   -2.468
 0.000365    0.01707   -2.424
 0.000358    0.01640   -2.370
 0.000315    0.01402   -2.296
 0.000307    0.01359   -2.284
 0.000251    0.01045   -2.133
 0.000272    0.01146   -2.158
 0.000250    0.01019   -2.080
 0.000217    0.00862   -2.025
 0.000205    0.00804   -1.993
 0.000245    0.00993   -2.072
 0.000214    0.00873   -2.080
 0.000188    0.00804   -2.209
 0.000140    0.00586   -2.155
 0.000111    0.00412   -1.867
 0.000137    0.00554   -2.067
 0.000168    0.00845   -2.680
 0.000114    0.00492   -2.238
 0.000145    0.00557   -1.959
 0.000256    0.00995   -1.970
 0.000324    0.01384   -2.187
 0.000297    0.01350   -2.348
 0.000320    0.01460   -2.355
 0.000304    0.01356   -2.296
 0.000315    0.01382   -2.256
 0.000289    0.01267   -2.258
 0.000317    0.01400   -2.272
 0.000326    0.01474   -2.329
 0.000320    0.01454   -2.342
 0.000338    0.01539   -2.350
 0.000334    0.01534   -2.374
 0.000322    0.01488   -2.389
 0.000341    0.01580   -2.397
 0.000345    0.01613   -2.421
 0.000343    0.01610   -2.433
 0.000330    0.01544   -2.422
 0.000327    0.01515   -2.401
 0.000312    0.01421   -2.362
 0.000254    0.01117   -2.260
 0.000237    0.01064   -2.328
 0.000240    0.01126   -2.462
 0.000179    0.00754   -2.169
 0.000228    0.00943   -2.110
 0.000292    0.01291   -2.271
 0.000304    0.01387   -2.358
 0.000323    0.01501   -2.401
 0.000319    0.01486   -2.410
 0.000308    0.01420   -2.382
 0.000317    0.01429   -2.328
 0.000276    0.01218   -2.271
 0.000280    0.01213   -2.220
 0.000240    0.01030   -2.199
 0.000262    0.01127   -2.203
 0.000249    0.01059   -2.181
 0.000237    0.01008   -2.176
 0.000257    0.01100   -2.195
 0.000215    0.00918   -2.188
 0.000201    0.00913   -2.382
 0.000202    0.01026   -2.712
 0.000172    0.00759   -2.293
 0.000145    0.00572   -2.004
 0.000160    0.00635   -2.013
 0.000183    0.00745   -2.075
 0.000212    0.00889   -2.144
 0.000247    0.01056   -2.188
 0.000231    0.01002   -2.223
 0.000249    0.01098   -2.269
 0.000265    0.01181   -2.290
 0.000267    0.01217   -2.353
 0.000282    0.01294   -2.374
 0.000300    0.01391   -2.395
 0.000279    0.01282   -2.378
 0.000286    0.01297   -2.339
 0.000255    0.01145   -2.316
 0.000261    0.01153   -2.273
 0.000221    0.00960   -2.235
 0.000239    0.01041   -2.237
 0.000203    0.00870   -2.199
 0.000179    0.00757   -2.168
 0.000179    0.00758   -2.169
 0.000204    0.00881   -2.231
 0.000172    0.00730   -2.181
 0.000145    0.00591   -2.082
 0.000151    0.00616   -2.076
 0.000169    0.00699   -2.108
 0.000206    0.00864   -2.144
 0.000191    0.00808   -2.163
 0.000183    0.00780   -2.188
 0.000200    0.00863   -2.214
 0.000220    0.00947   -2.208
 0.000193    0.00834   -2.216
 0.000208    0.00909   -2.240
 0.000223    0.00971   -2.230
 0.000198    0.00865   -2.239
 0.000230    0.01011   -2.261
 0.000215    0.00938   -2.246
 0.000202    0.00885   -2.249
 0.000234    0.01028   -2.263
 0.000187    0.00813   -2.229
 0.000177    0.00772   -2.242
 0.000193    0.00857   -2.294
 0.000191    0.00826   -2.221
 0.000153    0.00640   -2.140
 0.000162    0.00684   -2.159
 0.000191    0.00817   -2.196
 0.000192    0.00823   -2.197
 0.000152    0.00649   -2.180
 0.000157    0.00686   -2.244
 0.000172    0.00789   -2.391
 0.000185    0.00865   -2.455
 0.000131    0.00615   -2.467
 0.000113    0.00570   -2.701
 0.000115    0.00649   -3.091
 0.000091    0.00477   -2.853
 0.000079    0.00322   -2.090
 0.000092    0.00364   -2.023
 0.000126    0.00506   -2.038
 0.000132    0.00530   -2.047
 0.000111    0.00448   -2.060
 0.000096    0.00391   -2.074
 0.000099    0.00404   -2.084
 0.000105    0.00431   -2.107
 0.000114    0.00502   -2.321
 0.000116    0.00497   -2.223
 0.000137    0.00568   -2.124
 0.000113    0.00458   -2.069
 0.000093    0.00379   -2.075
 0.000081    0.00333   -2.089
 0.000080    0.00331   -2.099
 0.000088    0.00362   -2.102
 0.000094    0.00389   -2.102
 0.000102    0.00432   -2.169
 0.000125    0.00673   -2.892
 0.000147    0.01006   -3.875
 0.000086    0.00596   -3.945
 0.000043    0.00257   -3.339
 0.000027    0.00128   -2.500
 0.000029    0.00152   -2.852
 0.000039    0.00286   -4.287
 0.000027    0.00200   -4.291
 0.000015    0.00068   -2.405
 0.000014    0.00054   -1.915
 0.000016    0.00060   -1.923
 0.000018    0.00069   -1.935
 0.000021    0.00082   -1.953
 0.000025    0.00099   -1.976
 0.000029    0.00115   -2.001
 0.000032    0.00126   -2.026
 0.000034    0.00137   -2.046
 0.000047    0.00191   -2.050
 0.000053    0.00215   -2.057
 0.000059    0.00239   -2.061
 0.000064    0.00262   -2.067
 0.000071    0.00287   -2.076
 0.000077    0.00317   -2.089
 0.000109    0.00446   -2.095
 0.000102    0.00421   -2.109
 0.000087    0.00365   -2.138
 0.000078    0.00330   -2.175
 0.000081    0.00348   -2.210
 0.000105    0.00458   -2.237
 0.000148    0.00648   -2.249
 0.000148    0.00645   -2.239
 0.000110    0.00481   -2.246
 0.000123    0.00545   -2.271
 0.000167    0.00744   -2.292
 0.000164    0.00727   -2.277
 0.000123    0.00546   -2.284
 0.000148    0.00666   -2.327
 0.000196    0.00890   -2.339
 0.000142    0.00640   -2.329
 0.000159    0.00732   -2.379
 0.000205    0.00947   -2.387
 0.000155    0.00717   -2.395
 0.000214    0.01005   -2.427
 0.000167    0.00778   -2.406
 0.000197    0.00932   -2.450
 0.000190    0.00889   -2.426
 0.000163    0.00766   -2.439
 0.000213    0.01011   -2.461
 0.000142    0.00656   -2.395
 0.000149    0.00696   -2.418
 0.000198    0.00926   -2.435
 0.000134    0.00612   -2.366
 0.000118    0.00535   -2.344
 0.000159    0.00729   -2.377
 0.000170    0.00775   -2.355
 0.000113    0.00505   -2.300
 0.000129    0.00584   -2.329
 0.000185    0.00843   -2.359
 0.000137    0.00616   -2.319
 0.000120    0.00544   -2.341
 0.000175    0.00803   -2.370
 0.000159    0.00724   -2.345
 0.000121    0.00551   -2.352
 0.000168    0.00778   -2.389
 0.000171    0.00786   -2.381
 0.000113    0.00514   -2.344
 0.000135    0.00632   -2.436
 0.000176    0.00838   -2.488
 0.000124    0.00580   -2.429
 0.000086    0.00396   -2.397
 0.000075    0.00346   -2.391
 0.000087    0.00398   -2.380
 0.000095    0.00437   -2.381
 0.000098    0.00448   -2.369
 0.000109    0.00495   -2.364
 0.000080    0.00367   -2.364
 0.000059    0.00267   -2.360
 0.000045    0.00204   -2.356
 0.000036    0.00163   -2.354
 0.000029    0.00132   -2.355
 0.000024    0.00108   -2.350
 0.000020    0.00091   -2.341
 0.000017    0.00078   -2.335
 0.000015    0.00067   -2.331
 0.000013    0.00057   -2.332
 0.000011    0.00048   -2.338
 0.000009    0.00040   -2.365
 0.000007    0.00034   -2.429
 0.000006    0.00028   -2.506
 0.000005    0.00028   -2.970
 0.000022    0.00196   -5.081
 0.000047    0.00450   -5.673
 0.000047    0.00475   -6.147
 0.000030    0.00322   -6.601
 0.000014    0.00160   -7.018
 0.000005    0.00057   -7.112
 0.000006    0.00060   -5.656
 0.000000    0.00001   -6.047
 0.000000    0.00000    0.000
 0.000000    0.00000    0.000
 0.000000    0.00000    0.000
 0.000000    0.00000    0.000
 0.000000    0.00000    0.000
 0.000000    0.00000    0.000
 0.000000    0.00000    0.000
 0.000000    0.00000    0.000
 0.000000    0.00000    0.000
 0.000000    0.00000    0.000
 0.000000    0.00000    0.000
 0.000000    0.00000    0.000
 0.000000    0.00000    0.000
 0.000000    0.00000    0.000
 0.000000    0.00000    0.000
 0.000000    0.00000    0.000
 0.000000    0.00000    0.000
 0.000000    0.00000    0.000
 0.000000    0.00000    0.000
 0.000000    0.00000    0.000
 0.000000    0.00000    0.000
 0.000000    0.00000    0.000
 0.000000    0.00000    0.000
 0.000000    0.00000    0.000
 0.000000    0.00000    0.000
 0.000000    0.00000    0.000
 0.000000    0.00000    0.000
 0.000000    0.00000    0.000
 0.000000    0.00000    0.000
 0.000000    0.00000    0.000
 0.000000    0.00001   -5.490
 0.000001    0.00008   -5.463
 0.000005    0.00048   -5.590
 0.000020    0.00199   -5.950
 0.000028    0.00294   -6.330
 0.000018    0.00194   -6.458
 0.000008    0.00086   -6.359
 0.000006    0.00058   -6.317
 0.000004    0.00043   -6.270
 0.000004    0.00044   -6.269
 0.000008    0.00086   -6.512
 0.000011    0.00122   -6.866
 0.000008    0.00094   -7.167
 0.000005    0.00062   -7.454
 0.000057    0.00443   -4.455
 0.000004    0.00044   -7.109
 0.000000    0.00000   -7.948
 0.000000    0.00000    0.000
 0.000000    0.00000    0.000
 0.000000    0.00000    0.000
 0.000000    0.00000    0.000
 0.000000    0.00000    0.000
 0.000000    0.00000    0.000
 0.000000    0.00000    0.000
 0.000000    0.00000    0.000
 0.000000    0.00000    0.000
 0.000000    0.00000    0.000
 0.000000    0.00000    0.000
 0.000000    0.00000    0.000
 0.000000    0.00000    0.000
 0.000000    0.00000    0.000
 0.000000    0.00000    0.000
 0.000000    0.00000    0.000
 0.000000    0.00000   -5.614
 0.000000    0.00001   -5.575
 0.000000    0.00001   -5.444
 0.000000    0.00002   -5.342
 0.000000    0.00000   -5.227
 0.000000    0.00001   -4.960
 0.000002    0.00016   -4.952
 0.000001    0.00012   -4.915
 0.000000    0.00000    0.000
 0.000006    0.00047   -4.558
 0.000031    0.00257   -4.775
 0.000134    0.01052   -4.453
 0.000108    0.00988   -5.307
 0.000069    0.00664   -5.714
 0.000031    0.00304   -5.884
 0.000026    0.00249   -5.679
 0.000004    0.00039   -5.486
 0.000000    0.00000   -5.232
 0.000000    0.00000    0.000
 0.000000    0.00000   -5.247
 0.000000    0.00001   -5.311
 0.000000    0.00000   -5.370
 0.000000    0.00000   -5.666
 0.000000    0.00002   -5.815
 0.000000    0.00000   -5.931
 0.000000    0.00000    0.000
 0.000000    0.00000    0.000
 0.000000    0.00000    0.000
 0.000000    0.00000    0.000
 0.000000    0.00000    0.000
 0.000000    0.00000    0.000
 0.000000    0.00000    0.000
 0.000000    0.00000    0.000
 0.000000    0.00000    0.000
 0.000044    0.00159   -1.844
 0.000003    0.00010   -1.783
 0.000000    0.00000    0.000
 0.000000    0.00000    0.000
 0.000000    0.00000    0.000
 0.000000    0.00000    0.000
 0.000000    0.00000    0.000
 0.000000    0.00000    0.000
 0.000000    0.00000    0.000
 0.000000    0.00000    0.000
 0.000000    0.00000    0.000
 0.000000    0.00000    0.000
 0.000000    0.00000    0.000
 0.000035    0.00124   -1.812
 0.000003    0.00011   -2.000
 0.000000    0.00000    0.000
 0.000000    0.00000    0.000
 0.000000    0.00000    0.000
 0.000000    0.00000    0.000
 0.000000    0.00000    0.000
 0.000000    0.00000    0.000
 0.000000    0.00000    0.000
 0.000000    0.00000    0.000
 0.000000    0.00000    0.000
 0.000000    0.00000    0.000
 0.000000    0.00000    0.000
 0.000000    0.00000    0.000
 0.000000    0.00000    0.000
 0.000000    0.00000    0.000
 0.000000    0.00000    0.000
 0.000000    0.00000    0.000
 0.000000    0.00000    0.000
 0.000000    0.00000    0.000
 0.000000    0.00000    0.000
 0.000026    0.00096   -1.907
 0.000018    0.00079   -2.373
 0.000000    0.00005   -7.135
 0.000000    0.00000   -7.384
 0.000000    0.00000    0.000
 0.000000    0.00000    0.000
 0.000000    0.00000    0.000
 0.000000    0.00000    0.000
 0.000000    0.00000    0.000
 0.000000    0.00000    0.000
 0.000000    0.00000    0.000
 0.000000    0.00000    0.000
 0.000000    0.00000    0.000
 0.000000    0.00000    0.000
 0.000000    0.00000    0.000
 0.000000    0.00000    0.000
 0.000000    0.00000    0.000
 0.000000    0.00000    0.000
 0.000000    0.00000    0.000
 0.000000    0.00000    0.000
 0.000000    0.00000    0.000
 0.000000    0.00000    0.000
 0.000000    0.00000    0.000
 0.000000    0.00000    0.000
 0.000000    0.00000    0.000
 0.000000    0.00000    0.000
 0.000000    0.00000    0.000
 0.000000    0.00000    0.000
 0.000000    0.00000    0.000
 0.000000    0.00000    0.000
 0.000000    0.00000    0.000
 0.000000    0.00000    0.000
 0.000000    0.00000    0.000
 0.000000    0.00000    0.000
 0.000000    0.00000    0.000
 0.000000    0.00000    0.000
 0.000000    0.00000    0.000
 0.000000    0.00000    0.000
 0.000000    0.00000    0.000
 0.000000    0.00000    0.000
 0.000000    0.00000    0.000
 0.000000    0.00000    0.000
 0.000000    0.00000    0.000
 0.000000    0.00000    0.000
 0.000000    0.00000    0.000
 0.000000    0.00000    0.000
 0.000000    0.00000    0.000
 0.000000    0.00000    0.000
 0.000000    0.00000    0.000
 0.000000    0.00000    0.000
 0.000000    0.00000    0.000
 0.000000    0.00000    0.000
 0.000000    0.00000    0.000
 0.000000    0.00000    0.000
 0.000000    0.00000    0.000
 0.000000    0.00000    0.000
 0.000000    0.00000    0.000
 0.000000    0.00000    0.000
 0.000000    0.00000    0.000
 0.000000    0.00000    0.000
 0.000000    0.00000    0.000
 0.000000    0.00000    0.000
 0.000000    0.00000    0.000
 0.000000    0.00000    0.000
 0.000000    0.00000    0.000
 0.000000    0.00000    0.000
 0.000000    0.00000    0.000
 0.000000    0.00000    0.000
 0.000000    0.00000    0.000
 0.000000    0.00000    0.000
 0.000000    0.00000    0.000
 0.000000    0.00000    0.000
 0.000000    0.00000    0.000
 0.000000    0.00000    0.000
 0.000000    0.00000    0.000
 0.000000    0.00000    0.000
 0.000000    0.00000    0.000
 0.000000    0.00000    0.000
 0.000000    0.00000    0.000
 0.000000    0.00000    0.000
 0.000000    0.00000    0.000
 0.000000    0.00000    0.000
 0.000000    0.00000    0.000
 0.000000    0.00000    0.000
 0.000000    0.00000    0.000
 0.000000    0.00000    0.000
 0.000000    0.00000    0.000
 0.000000    0.00000    0.000
 0.000000    0.00000    0.000
 0.000000    0.00000    0.000
 0.000000    0.00000    0.000
 0.000000    0.00000    0.000
 0.000000    0.00000    0.000
 0.000000    0.00000    0.000
 0.000000    0.00000    0.000
 0.000000    0.00000    0.000
 0.000000    0.00000    0.000
 0.000000    0.00000    0.000
 0.000000    0.00000    0.000
 0.000000    0.00000    0.000
 0.000000    0.00000    0.000
 0.000000    0.00000    0.000
 0.000000    0.00000    0.000
 0.000000    0.00000    0.000
 0.000000    0.00000    0.000
 0.000000    0.00000    0.000
 0.000000    0.00000    0.000
 0.000000    0.00000    0.000
 0.000202    0.00690   -1.719
 0.000027    0.00097   -1.832
 0.000085    0.00288   -1.693
 0.000066    0.00232   -1.755
 0.000000    0.00000    0.000
 0.000000    0.00000    0.000
 0.000000    0.00000    0.000
 0.000000    0.00000    0.000
 0.000000    0.00000    0.000
 0.000129    0.00406   -1.567
 0.000003    0.00008   -1.603
 0.000000    0.00000    0.000
 0.000000    0.00000    0.000
 0.000001    0.00002   -1.518
 0.000316    0.00929   -1.462
 0.000237    0.00682   -1.427
 0.000141    0.00396   -1.392
 0.000001    0.00002   -1.403
 0.000000    0.00000    0.000
 0.000000    0.00000    0.000
 0.000054    0.00142   -1.306
 0.000047    0.00123   -1.285
 0.000114    0.00291   -1.259
 0.000037    0.00092   -1.233
 0.000074    0.00183   -1.221
 0.000061    0.00149   -1.206
 0.000087    0.00209   -1.177
 0.000003    0.00007   -1.181
 0.000050    0.00118   -1.148
 0.000017    0.00040   -1.138
 0.000048    0.00110   -1.125
 0.000004    0.00009   -1.121
 0.000000    0.00000    0.000
 0.000016    0.00035   -1.091
 0.000063    0.00137   -1.066
 0.000004    0.00010   -1.067
 0.000055    0.00118   -1.047
 0.000048    0.00101   -1.032
 0.000021    0.00044   -1.029
 0.000000    0.00000   -1.021
 0.000002    0.00004   -1.012
 0.000000    0.00000   -0.997
 0.000014    0.00028   -0.989
 0.000001    0.00003   -0.981
 0.000007    0.00014   -0.965
 0.000004    0.00008   -0.952
 0.000006    0.00012   -0.939
 0.000000    0.00000   -0.919
 0.000002    0.00004   -0.908
 0.000000    0.00000   -0.901
 0.000000    0.00000    0.000
 0.000000    0.00000    0.000
 0.000000    0.00000    0.000
 0.000000    0.00000    0.000
 0.000000    0.00000    0.000
 0.000000    0.00000   -0.821
 0.000000    0.00000    0.000
 0.000000    0.00000    0.000
 0.000000    0.00000    0.000
 0.000000    0.00000    0.000
 0.000000    0.00000    0.000
 0.000000    0.00000    0.000
 0.000000    0.00000    0.000
 0.000000    0.00000    0.000
 0.000000    0.00000    0.000
 0.000000    0.00000    0.000
 0.000000    0.00000    0.000
 0.000000    0.00000    0.000
 0.000000    0.00000    0.000
 0.000000    0.00000    0.000
 0.000000    0.00000    0.000
 0.000000    0.00000    0.000
 0.000000    0.00000    0.000
 0.000000    0.00000    0.000
 0.000000    0.00000    0.000
 0.000000    0.00000    0.000
 0.000000    0.00000    0.000
 0.000000    0.00000    0.000
 0.000000    0.00000    0.000
 0.000000    0.00000    0.000
 0.000000    0.00000    0.000
 0.000000    0.00000    0.000
 0.000000    0.00000    0.000
 0.000000    0.00000    0.000
 0.000000    0.00000    0.000
 0.000000    0.00000    0.000
 0.000000    0.00000    0.000
 0.000000    0.00000    0.000
 0.000000    0.00000    0.000
 0.000000    0.00000    0.000
 0.000000    0.00000    0.000
 0.000000    0.00000    0.000
 0.000000    0.00000    0.000
 0.000000    0.00000    0.000
 0.000000    0.00000    0.000
 0.000000    0.00000    0.000
 0.000000    0.00000    0.000
 0.000000    0.00000    0.000
 0.000000    0.00000    0.000
 0.000000    0.00000    0.000
 0.000000    0.00000    0.000
 0.000000    0.00000    0.000
 0.000000    0.00000    0.000
 0.000000    0.00000    0.000
 0.000000    0.00000    0.000
 0.000000    0.00000    0.000
 0.000000    0.00000    0.000
 0.000000    0.00000    0.000
 0.000000    0.00000    0.000
 0.000000    0.00000    0.000
 0.000000    0.00000    0.000
 0.000000    0.00000    0.000
 0.000000    0.00000    0.000
 0.000000    0.00000    0.000
 0.000000    0.00000    0.000
 0.000000    0.00000    0.000
 0.000000    0.00000    0.000
 0.000000    0.00000    0.000
 0.000000    0.00000    0.000
 0.000000    0.00000    0.000
 0.000000    0.00000    0.000
 0.000000    0.00000    0.000
 0.000000    0.00000    0.000
 0.000000    0.00000    0.000
 0.000000    0.00000    0.000
 0.000000    0.00000    0.000
 0.000000    0.00000    0.000
 0.000000    0.00000    0.000
 0.000000    0.00000    0.000
 0.000000    0.00000    0.000
 0.000000    0.00000    0.000
 0.000000    0.00000    0.000
 0.000000    0.00000    0.000
 0.000000    0.00000    0.000
 0.000000    0.00000    0.000
 0.000000    0.00000    0.000
 0.000000    0.00000    0.000
 0.000000    0.00000    0.000
 0.000000    0.00000    0.000
 0.000000    0.00000    0.000
 0.000000    0.00000    0.000
 0.000000    0.00000    0.000
 0.000000    0.00000    0.000
 0.000000    0.00000    0.000
 0.000000    0.00000    0.000
 0.000000    0.00000    0.000
 0.000000    0.00000    0.000
 0.000000    0.00000    0.000
 0.000000    0.00000    0.000
 0.000000    0.00000    0.000
 0.000000    0.00000    0.000
 0.000000    0.00000    0.000
 0.000000    0.00000    0.000
 0.000000    0.00000    0.000
 0.000000    0.00000    0.000
 0.000000    0.00000    0.000
 0.000000    0.00000    0.000
 0.000000    0.00000    0.000
 0.000000    0.00000    0.000
 0.000000    0.00000    0.000
 0.000000    0.00000    0.000
 0.000000    0.00000    0.000
 0.000000    0.00000    0.000
 0.000000    0.00000    0.000
 0.000000    0.00000    0.000
 0.000000    0.00000    0.000
 0.000000    0.00000    0.000
 0.000000    0.00000    0.000
 0.000000    0.00000    0.000
 0.000000    0.00000    0.000
 0.000000    0.00000    0.000
 0.000000    0.00000    0.000
 0.000000    0.00000    0.000
 0.000000    0.00000    0.000
 0.000000    0.00000    0.000
 0.000000    0.00000    0.000
 0.000000    0.00000    0.000
 0.000000    0.00000    0.000
 0.000000    0.00000    0.000
 0.000000    0.00000    0.000
 0.000000    0.00000    0.000
 0.000000    0.00000    0.000
 0.000000    0.00000    0.000
 0.000000    0.00000    0.000
 0.000000    0.00000    0.000
 0.000000    0.00000    0.000
 0.000000    0.00000    0.000
 0.000000    0.00000    0.000
 0.000000    0.00000    0.000
 0.000000    0.00000    0.000
 0.000000    0.00000    0.000
 0.000000    0.00000    0.000
 0.000000    0.00000    0.000
 0.000000    0.00000    0.000
 0.000000    0.00000    0.000
 0.000000    0.00000    0.000
 0.000000    0.00000    0.000
 0.000000    0.00000    0.000
 0.000000    0.00000    0.000
 0.000000    0.00000    0.000
 0.000000    0.00000    0.000
 0.000000    0.00000    0.000
 0.000062    0.00285   -2.377
 0.000358    0.01549   -2.219
 0.000120    0.00463   -1.950
 0.000000    0.00000    0.000
 0.000000    0.00000    0.000
 0.000000    0.00000    0.000
 0.000000    0.00000    0.000
 0.000000    0.00000    0.000
 0.000000    0.00000    0.000
 0.000000    0.00000    0.000
 0.000000    0.00000    0.000
 0.000000    0.00000    0.000
 0.000000    0.00000    0.000
 0.000000    0.00000    0.000
 0.000000    0.00000    0.000
 0.000009    0.00037   -2.059
 0.000282    0.01253   -2.283
 0.000274    0.01087   -2.018
 0.000008    0.00030   -1.833
 0.000000    0.00000    0.000
 0.000000    0.00000    0.000
 0.000000    0.00000    0.000
 0.000000    0.00000    0.000
 0.000000    0.00000    0.000
 0.000000    0.00000    0.000
 0.000008    0.00031   -1.923
 0.000000    0.00000    0.000
 0.000000    0.00000    0.000
 0.000000    0.00000    0.000
 0.000000    0.00000    0.000
 0.000000    0.00000    0.000
 0.000000    0.00000    0.000
 0.000000    0.00000    0.000
 0.000008    0.00035   -2.196
 0.000345    0.01648   -2.477
 0.000420    0.02344   -2.972
 0.000432    0.02366   -2.902
 0.000389    0.02187   -3.007
 0.000474    0.02569   -2.874
 0.000340    0.01446   -2.179
 0.000227    0.00894   -1.996
 0.000254    0.01081   -2.182
 0.000265    0.01212   -2.374
 0.000310    0.01364   -2.266
 0.000327    0.01437   -2.259
 0.000360    0.01643   -2.359
 0.000378    0.01975   -2.747
 0.000415    0.02222   -2.830
 0.000412    0.02160   -2.768
 0.000384    0.01893   -2.576
 0.000360    0.01695   -2.444
 0.000375    0.01755   -2.423
 0.000345    0.01612   -2.425
 0.000296    0.01368   -2.408
 0.000254    0.01060   -2.138
 0.000321    0.01351   -2.149
 0.000308    0.01304   -2.166
 0.000331    0.01436   -2.224
 0.000323    0.01419   -2.258
 0.000329    0.01426   -2.221
 0.000276    0.01138   -2.107
 0.000301    0.01406   -2.451
 0.000242    0.01014   -2.146
 0.000301    0.01300   -2.216
 0.000341    0.01534   -2.317
 0.000315    0.01390   -2.267
 0.000313    0.01315   -2.150
 0.000256    0.01102   -2.221
 0.000290    0.01231   -2.173
 0.000280    0.01168   -2.130
 0.000242    0.00981   -2.061
 0.000255    0.01007   -2.006
 0.000212    0.00818   -1.956
 0.000210    0.00911   -2.244
 0.000167    0.00762   -2.379
 0.000237    0.00993   -2.147
 0.000317    0.01353   -2.182
 0.000288    0.01248   -2.222
 0.000279    0.01175   -2.157
 0.000265    0.01074   -2.063
 0.000215    0.00847   -2.006
 0.000223    0.00903   -2.062
 0.000268    0.01111   -2.116
 0.000265    0.01132   -2.187
 0.000284    0.01273   -2.309
 0.000330    0.01512   -2.371
 0.000333    0.01501   -2.325
 0.000300    0.01341   -2.300
 0.000325    0.01467   -2.325
 0.000328    0.01496   -2.356
 0.000319    0.01453   -2.348
 0.000331    0.01490   -2.322
 0.000289    0.01267   -2.256
 0.000286    0.01244   -2.234
 0.000217    0.00941   -2.235
 0.000206    0.00840   -2.086
 0.000243    0.00981   -2.058
 0.000208    0.00827   -2.019
 0.000185    0.00726   -1.990
 0.000173    0.00671   -1.969
 0.000181    0.00695   -1.949
 0.000204    0.00827   -2.072
 0.000154    0.00642   -2.143
 0.000102    0.00382   -1.888
 0.000097    0.00362   -1.882
 0.000094    0.00352   -1.899
 0.000091    0.00349   -1.939
 0.000080    0.00298   -1.881
 0.000077    0.00285   -1.870
 0.000077    0.00285   -1.875
 0.000080    0.00304   -1.932
 0.000116    0.00534   -2.398
 0.000095    0.00438   -2.410
 0.000064    0.00266   -2.127
 0.000058    0.00218   -1.912
 0.000072    0.00271   -1.890
 0.000095    0.00378   -2.018
 0.000118    0.00503   -2.185
 0.000132    0.00528   -2.033
 0.000197    0.00785   -2.024
 0.000197    0.00800   -2.075
 0.000198    0.00851   -2.198
 0.000213    0.00957   -2.316
 0.000263    0.01190   -2.338
 0.000248    0.01113   -2.308
 0.000268    0.01181   -2.271
 0.000238    0.01047   -2.257
 0.000263    0.01148   -2.241
 0.000229    0.00980   -2.190
 0.000217    0.00914   -2.152
 0.000225    0.00930   -2.111
 0.000171    0.00691   -2.064
 0.000151    0.00604   -2.037
 0.000142    0.00565   -2.017
 0.000144    0.00577   -2.045
 0.000145    0.00588   -2.072
 0.000174    0.00717   -2.109
 0.000133    0.00549   -2.121
 0.000115    0.00487   -2.169
 0.000108    0.00435   -2.058
 0.000125    0.00509   -2.078
 0.000156    0.00655   -2.149
 0.000194    0.00840   -2.225
 0.000226    0.00990   -2.246
 0.000207    0.00911   -2.262
 0.000237    0.01038   -2.249
 0.000203    0.00875   -2.210
 0.000195    0.00839   -2.200
 0.000221    0.00949   -2.201
 0.000179    0.00757   -2.160
 0.000167    0.00700   -2.142
 0.000173    0.00729   -2.150
 0.000198    0.00837   -2.161
 0.000159    0.00658   -2.118
 0.000130    0.00533   -2.093
 0.000131    0.00546   -2.126
 0.000133    0.00553   -2.119
 0.000146    0.00607   -2.128
 0.000178    0.00745   -2.146
 0.000153    0.00637   -2.121
 0.000145    0.00613   -2.157
 0.000165    0.00709   -2.205
 0.000209    0.00909   -2.237
 0.000186    0.00809   -2.235
 0.000182    0.00793   -2.239
 0.000215    0.00933   -2.226
 0.000172    0.00734   -2.186
 0.000155    0.00658   -2.170
 0.000160    0.00681   -2.185
 0.000183    0.00791   -2.228
 0.000156    0.00671   -2.204
 0.000116    0.00482   -2.125
 0.000117    0.00480   -2.100
 0.000129    0.00532   -2.112
 0.000144    0.00600   -2.132
 0.000175    0.00752   -2.204
 0.000134    0.00600   -2.310
 0.000100    0.00460   -2.406
 0.000073    0.00305   -2.145
 0.000081    0.00327   -2.050
 0.000099    0.00405   -2.089
 0.000124    0.00521   -2.141
 0.000169    0.00723   -2.194
 0.000158    0.00685   -2.219
 0.000147    0.00648   -2.257
 0.000185    0.00822   -2.291
 0.000194    0.00858   -2.276
 0.000167    0.00737   -2.277
 0.000198    0.00878   -2.278
 0.000185    0.00810   -2.243
 0.000142    0.00616   -2.223
 0.000153    0.00668   -2.235
 0.000189    0.00828   -2.257
 0.000157    0.00680   -2.220
 0.000130    0.00559   -2.205
 0.000151    0.00659   -2.238
 0.000194    0.00854   -2.267
 0.000148    0.00644   -2.227
 0.000128    0.00552   -2.216
 0.000145    0.00635   -2.251
 0.000179    0.00791   -2.280
 0.000145    0.00627   -2.227
 0.000112    0.00479   -2.185
 0.000127    0.00546   -2.207
 0.000158    0.00692   -2.248
 0.000174    0.00761   -2.247
 0.000123    0.00530   -2.215
 0.000131    0.00570   -2.237
 0.000165    0.00729   -2.279
 0.000176    0.00777   -2.270
 0.000126    0.00551   -2.243
